8597.587613 20.75840761 0.00205798 HARPS 
8601.59993 20.74744919 0.00115772 HARPS 
8611.537737 20.75047045 0.00141562 HARPS 
8613.520022 20.74640459 0.0012577 HARPS 
8613.561454 20.74956943 0.00118781 HARPS 
8614.567376 20.75472457 0.00162708 HARPS 
8615.495307 20.7463871 0.00141504 HARPS 
8615.536796 20.74481305 0.00134335 HARPS 
8616.481693 20.74763075 0.00097474 HARPS 
8616.570552 20.74711201 0.00115177 HARPS 
8617.510739 20.7620958 0.00122391 HARPS 
8617.565433 20.76170536 0.00116565 HARPS 
8618.459837 20.75904793 0.00138929 HARPS 
8626.529202 20.76154881 0.00137406 HARPS 
8626.547094 20.76007986 0.00137692 HARPS 
8627.528692 20.75419189 0.00139528 HARPS 
8627.546596 20.75428916 0.00139761 HARPS 
8636.50165 20.74193232 0.00084051 HARPS 
8637.506943 20.74334345 0.00102166 HARPS 
8638.506844 20.76244034 0.00153637 HARPS 
8640.505236 20.7475071 0.00183307 HARPS 
8641.505416 20.74658317 0.0019188 HARPS 
8643.478699 20.75864348 0.00105858 HARPS 
8644.479425 20.75975279 0.00120411 HARPS 
8645.477549 20.760325 0.00126434 HARPS 
8656.469776 20.75956805 0.0016688 HARPS 
8657.452957 20.7603952 0.00128769 HARPS 
8794.84074 20.75457196 0.00139802 HARPS 
8797.863154 20.74556154 0.00184105 HARPS 
8808.852706 20.74569429 0.00175028 HARPS 
8810.862598 20.75693279 0.00155257 HARPS 
8811.863492 20.76867771 0.00191542 HARPS 
8813.863993 20.75139366 0.00133943 HARPS 
8824.860909 20.74816395 0.00098003 HARPS 
8836.803623 20.7529576 0.00140561 HARPS 
8837.819395 20.74091873 0.00158509 HARPS 
8838.746782 20.7508161 0.00139685 HARPS 
8839.794047 20.76038149 0.00107 HARPS 
8840.74399 20.74518218 0.00082739 HARPS 
8842.741137 20.76634957 0.00188326 HARPS 
8844.766753 20.73589765 0.00083338 HARPS 
8846.734688 20.73248728 0.00098983 HARPS 
8847.756074 20.75232118 0.00100195 HARPS 
8848.671841 20.76067921 0.00086674 HARPS 
8848.838586 20.75842482 0.00106022 HARPS 
8849.693676 20.75454572 0.00090092 HARPS 
8849.832931 20.75039037 0.00097545 HARPS 
8850.658876 20.75979173 0.00078039 HARPS 
8851.664528 20.7630358 0.00089741 HARPS 
8851.770007 20.76354174 0.00105369 HARPS 
8852.681313 20.74494746 0.00103678 HARPS 
8853.726119 20.7488055 0.00111587 HARPS 
8853.840985 20.74849585 0.00132298 HARPS 
8854.688894 20.77278399 0.00118386 HARPS 
8854.808171 20.77180549 0.00124763 HARPS 
8855.803446 20.75913587 0.00270838 HARPS 
8855.860833 20.76352266 0.0012609 HARPS 
8866.69001 20.76719591 0.00102389 HARPS 
8868.822533 20.75092626 0.00079889 HARPS 
8869.817106 20.73388862 0.00085647 HARPS 
8871.743562 20.7552564 0.00101527 HARPS 
8875.831299 20.75738226 0.00094002 HARPS 
8876.70005 20.74244486 0.00130484 HARPS 
8877.717297 20.7437893 0.00105586 HARPS 
8879.805375 20.76690339 0.00120961 HARPS 
8880.793809 20.75285223 0.00098473 HARPS 
8881.784603 20.73505823 0.00110293 HARPS 
8882.812687 20.73112956 0.00098595 HARPS 
8884.668064 20.76413036 0.00186682 HARPS 
8885.722578 20.7580939 0.00116582 HARPS 
8886.781525 20.76208009 0.00093093 HARPS 
8893.682915 20.73938536 0.00209336 HARPS 
8893.80068 20.74041858 0.00101855 HARPS 
8897.770852 20.74643129 0.00116934 HARPS 
8913.625818 20.74338449 0.00105959 HARPS 
8914.697187 20.74949659 0.0013074 HARPS 
8917.731592 20.75230336 0.00101134 HARPS 
8918.690726 20.74832594 0.00096017 HARPS 
8919.597952 20.74732414 0.00144161 HARPS 
8920.651628 20.74641146 0.00098053 HARPS 
8924.606345 20.7559778 0.00103389 HARPS 
8925.623396 20.74667563 0.00092269 HARPS 
8926.624903 20.75934173 0.00090844 HARPS 
8927.667553 20.77036372 0.00104472 HARPS 
8928.630692 20.76230769 0.00097824 HARPS 
8929.66283 20.74872838 0.00115391 HARPS 
8930.621083 20.74376768 0.00189653 HARPS 
8931.6519 20.74652299 0.00117671 HARPS 
8777.117606 0.01284656 0.00087416 HIRES 
8788.120576 -0.00431585 0.00088332 HIRES 
8795.078952 0.00974058 0.00096751 HIRES 
8796.044556 0.00971582 0.00099627 HIRES 
8797.109961 -0.00762476 0.00095759 HIRES 
8809.083128 -0.00046603 0.00095195 HIRES 
8827.972435 0.02192544 0.00096097 HIRES 
8832.988014 -0.00658019 0.0010884 HIRES 
8833.948473 -0.00612235 0.00106621 HIRES 
8844.911132 -0.00630641 0.00105241 HIRES 
8852.955442 -0.00628104 0.00092321 HIRES 
8855.901039 0.01814206 0.00126565 HIRES 
8857.895081 -0.02533804 0.00104209 HIRES 
8869.88686 -0.00556625 0.00106462 HIRES 
8591.58957 -0.00392 0.00063 PFS 
8591.60409 -0.00424 0.0006 PFS 
8592.54942 0.00019 0.00072 PFS 
8592.56387 0.00039 0.00079 PFS 
8593.60634 0.00827 0.00069 PFS 
8593.62062 0.00357 0.00075 PFS 
8595.60706 -0.01184 0.00089 PFS 
8595.62175 -0.01028 0.00097 PFS 
8596.60147 -0.00393 0.00082 PFS 
8596.6163 0.00053 0.00087 PFS 
8597.591 0.00219 0.0012 PFS 
8618.52001 -0.00056 0.00076 PFS 
8618.53437 -0.00133 0.00096 PFS 
8619.53152 -0.00631 0.00084 PFS 
8619.543 -0.01122 0.00086 PFS 
8620.49851 0.00837 0.00072 PFS 
8620.51331 0.00564 0.00075 PFS 
8622.54643 0.00206 0.00076 PFS 
8622.56083 0.0 0.00077 PFS 
8624.49723 -0.01095 0.0008 PFS 
8624.51173 -0.01023 0.00089 PFS 
8625.50983 -0.00333 0.00079 PFS 
8625.52459 -0.00435 0.00076 PFS 
8626.50079 0.00862 0.00085 PFS 
8626.51582 0.00832 0.00091 PFS 
8627.5164 0.00027 0.00059 PFS 
