#RV data for 51 Peg downloaded from 
#http://vizier.u-strasbg.fr/viz-bin/VizieR-3?-source=J/AJ/153/138/table1&-out.max=50&-out.form=HTML%20Table&-out.add=_r&-out.add=_RAJ,_DEJ&-sort=_r&-oc.form=sexa
#The RV measurements were converted from m/s to km/s
#Original vizier information is given at the end of the file
#
#---------------- --------------- ----------- ------
#BJD (d)          RV (km/s)        e_RV (km/s)  Spectrograph  
#---------------- --------------- ----------- ------
2449610.53276 -33.258 0.009 ELODIE
2449612.47166 -33.225 0.009 ELODIE
2449655.31126 -33.272 0.007 ELODIE
2449728.22736 -33.31 0.007 ELODIE
2449729.22498 -33.248 0.007 ELODIE
2449730.235 -33.196 0.008 ELODIE
2449739.2658 -33.221 0.008 ELODIE
2449750.24596 -33.249 0.008 ELODIE
2449751.2439 -33.233 0.009 ELODIE
2449753.24468 -33.313 0.008 ELODIE
2449755.24997 -33.187 0.007 ELODIE
2449765.25768 -33.283 0.008 ELODIE
2449766.25624 -33.314 0.008 ELODIE
2449766.26504 -33.318 0.008 ELODIE
2449767.2554 -33.233 0.008 ELODIE
2449903.54237 -33.185 0.008 ELODIE
2449903.55117 -33.19 0.007 ELODIE
2449904.57465 -33.227 0.007 ELODIE
2449906.60002 -33.256 0.007 ELODIE
2449906.60622 -33.258 0.007 ELODIE
2449907.5587 -33.167 0.007 ELODIE
2449908.59038 -33.213 0.007 ELODIE
2449909.57326 -33.299 0.007 ELODIE
2449910.59014 -33.27 0.009 ELODIE
2449910.60134 -33.266 0.007 ELODIE
2449969.3841 -33.294 0.007 ELODIE
2449969.5882 -33.29 0.007 ELODIE
2449970.43401 -33.215 0.007 ELODIE
2449970.62811 -33.209 0.007 ELODIE
2449971.44122 -33.189 0.007 ELODIE
2449971.61902 -33.212 0.008 ELODIE
2449972.35133 -33.262 0.007 ELODIE
2449972.35803 -33.269 0.007 ELODIE
2449974.39894 -33.245 0.008 ELODIE
2449975.42964 -33.2 0.007 ELODIE
2449976.44254 -33.25 0.007 ELODIE
2449976.59814 -33.276 0.007 ELODIE
2450021.29041 -33.223 0.007 ELODIE
2450021.4482 -33.224 0.007 ELODIE
2450022.36414 -33.19 0.007 ELODIE
2450022.45823 -33.21 0.007 ELODIE
2450023.29548 -33.278 0.007 ELODIE
2450023.42947 -33.282 0.007 ELODIE
2450023.44197 -33.29 0.007 ELODIE
2450024.31021 -33.31 0.007 ELODIE
2450024.4286 -33.308 0.007 ELODIE
2450025.25805 -33.238 0.007 ELODIE
2450025.45154 -33.233 0.007 ELODIE
2450026.28938 -33.215 0.009 ELODIE
2450026.44077 -33.198 0.008 ELODIE
2450027.3995 -33.238 0.007 ELODIE
2450027.443 -33.28 0.007 ELODIE
2450028.29054 -33.32 0.007 ELODIE
2450028.34394 -33.316 0.007 ELODIE
2450061.27901 -33.294 0.007 ELODIE
2450062.25443 -33.332 0.007 ELODIE
2450063.25174 -33.292 0.007 ELODIE
2450070.26749 -33.296 0.008 ELODIE
2450090.25123 -33.222 0.009 ELODIE
2450091.21975 -33.277 0.007 ELODIE
2450264.59411 -33.273 0.008 ELODIE
2450265.59989 -33.292 0.007 ELODIE
2450268.60465 -33.253 0.007 ELODIE
2450324.4857 -33.291 0.007 ELODIE
2450324.5021 -33.289 0.007 ELODIE
2450325.46202 -33.254 0.007 ELODIE
2450325.59153 -33.25 0.007 ELODIE
2450326.45155 -33.191 0.007 ELODIE
2450327.45957 -33.218 0.007 ELODIE
2450328.48679 -33.286 0.007 ELODIE
2450328.5012 -33.288 0.007 ELODIE
2450329.48801 -33.267 0.007 ELODIE
2450380.35547 -33.272 0.007 ELODIE
2450381.35911 -33.208 0.007 ELODIE
2450382.37315 -33.232 0.007 ELODIE
2450383.3454 -33.296 0.007 ELODIE
2450384.32314 -33.294 0.007 ELODIE
2450385.34008 -33.206 0.007 ELODIE
2450447.22954 -33.309 0.009 ELODIE
2450448.22965 -33.252 0.007 ELODIE
2450474.23207 -33.208 0.007 ELODIE
2450475.2438 -33.213 0.007 ELODIE
2450476.26583 -33.305 0.007 ELODIE
2450675.56968 -33.3 0.007 ELODIE
2450677.60367 -33.187 0.009 ELODIE
2450678.57701 -33.218 0.007 ELODIE
2450681.52143 -33.194 0.007 ELODIE
2450700.5274 -33.305 0.007 ELODIE
2450702.50352 -33.227 0.007 ELODIE
2450703.48133 -33.202 0.007 ELODIE
2450730.43665 -33.294 0.007 ELODIE
2450731.41132 -33.274 0.007 ELODIE
2450736.35532 -33.22 0.008 ELODIE
2450766.31189 -33.213 0.007 ELODIE
2450770.29718 -33.222 0.008 ELODIE
2450773.37473 -33.317 0.007 ELODIE
2450795.2712 -33.255 0.008 ELODIE
2450822.2458 -33.247 0.007 ELODIE
2450823.25001 -33.31 0.007 ELODIE
2450824.24123 -33.307 0.007 ELODIE
2451023.62961 -33.25 0.007 ELODIE
2451026.5601 -33.288 0.008 ELODIE
2451053.52476 -33.22 0.008 ELODIE
2451058.57649 -33.197 0.007 ELODIE
2451088.42116 -33.213 0.007 ELODIE
2451118.35482 -33.227 0.007 ELODIE
2451158.24351 -33.313 0.007 ELODIE
2451390.58673 -33.305 0.008 ELODIE
2451391.6154 -33.242 0.007 ELODIE
2451392.60416 -33.191 0.007 ELODIE
2451417.50153 -33.21 0.007 ELODIE
2451418.47676 -33.197 0.007 ELODIE
2451420.50462 -33.291 0.008 ELODIE
2451423.5505 -33.26 0.007 ELODIE
2451438.47286 -33.224 0.007 ELODIE
2451442.48554 -33.252 0.007 ELODIE
2451466.41676 -33.286 0.007 ELODIE
2451467.41741 -33.285 0.007 ELODIE
2451505.32642 -33.297 0.008 ELODIE
2451510.3527 -33.243 0.007 ELODIE
2451781.53761 -33.201 0.007 ELODIE
2451782.49354 -33.207 0.007 ELODIE
2451783.51297 -33.276 0.007 ELODIE
2451783.54987 -33.277 0.008 ELODIE
2451784.5139 -33.297 0.008 ELODIE
2451785.57873 -33.227 0.007 ELODIE
2451786.51545 -33.193 0.007 ELODIE
2451803.46797 -33.215 0.007 ELODIE
2451882.23973 -33.292 0.008 ELODIE
2452111.59181 -33.199 0.007 ELODIE
2452114.60702 -33.296 0.007 ELODIE
2452115.60719 -33.214 0.007 ELODIE
2452116.59926 -33.192 0.007 ELODIE
2452117.52873 -33.262 0.007 ELODIE
2452136.58132 -33.223 0.007 ELODIE
2452137.56967 -33.175 0.007 ELODIE
2452158.53471 -33.194 0.007 ELODIE
2452159.58102 -33.258 0.007 ELODIE
2452160.57764 -33.315 0.007 ELODIE
2452197.40947 -33.22 0.007 ELODIE
2452198.36702 -33.304 0.007 ELODIE
2452217.42115 -33.216 0.007 ELODIE
2452250.31639 -33.283 0.008 ELODIE
2452488.58962 -33.194 0.007 ELODIE
2452532.514 -33.308 0.008 ELODIE
2452533.5107 -33.308 0.008 ELODIE
2452561.30894 -33.25 0.007 ELODIE
2452565.46536 -33.232 0.007 ELODIE
2452612.35669 -33.266 0.008 ELODIE
2452833.60799 -33.315 0.007 ELODIE
2452852.62055 -33.196 0.007 ELODIE
2452858.58701 -33.3 0.008 ELODIE
2452887.53981 -33.275 0.007 ELODIE
2451014.94989 -0.00351 0.00266 Lick6
2451025.9692 -0.00654 0.00244 Lick6
2451048.90883 0.0149 0.00344 Lick6
2451130.63051 0.06486 0.00296 Lick6
2451416.9314 0.00625 0.00248 Lick6
2451444.82429 -0.01138 0.00335 Lick6
2451445.80181 -0.02525 0.00296 Lick6
2451447.73343 0.0682 0.00242 Lick6
2451448.82882 0.01873 0.0026 Lick6
2451482.66856 0.01094 0.00312 Lick6
2451533.57746 0.0046 0.00287 Lick6
2451533.69952 -0.00498 0.00278 Lick6
2451774.86474 -0.00585 0.00247 Lick6
2451815.75195 0.08041 0.0025 Lick6
2451815.77831 0.07674 0.00253 Lick6
2451826.69111 -0.03011 0.00298 Lick6
2451826.7204 -0.03851 0.00289 Lick6
2451834.68005 -0.04137 0.00255 Lick6
2451834.70934 -0.04647 0.00254 Lick6
2451839.68761 -0.01934 0.0029 Lick6
2451869.60058 -0.01155 0.0028 Lick6
2451869.64159 -0.00757 0.0036 Lick6
2452120.87154 0.05572 0.00285 Lick6
2452157.78421 0.04145 0.00262 Lick6
2452158.78814 0.05963 0.00267 Lick6
2452159.76861 -0.00194 0.0024 Lick6
2452160.82332 -0.03915 0.00349 Lick6
2452167.74427 0.04522 0.00296 Lick6
2452167.77357 0.03912 0.00288 Lick6
2452168.76771 -0.03187 0.00273 Lick6
2452168.79798 -0.03837 0.00291 Lick6
2452169.79701 -0.02587 0.00318 Lick6
2452169.82728 -0.00554 0.00337 Lick6
2452170.79016 0.05596 0.00267 Lick6
2452170.81946 0.05846 0.00254 Lick6
2452171.75891 0.04075 0.00308 Lick6
2452171.78918 0.05651 0.00301 Lick6
2452172.79113 -0.02317 0.00258 Lick6
2452172.82042 -0.02581 0.00269 Lick6
2452173.75499 -0.02944 0.00284 Lick6
2452173.78527 -0.02379 0.00286 Lick6
2452184.75188 0.03739 0.00265 Lick6
2452184.78216 0.03028 0.00269 Lick6
2452189.68436 -0.01827 0.00281 Lick6
2452189.71366 -0.02897 0.00278 Lick6
2452492.90711 0.07148 0.00223 Lick8
2452492.91493 0.05879 0.00214 Lick8
2452493.8769 0.0045 0.00224 Lick8
2452493.88178 0.00219 0.00211 Lick8
2452508.84244 0.02269 0.00196 Lick8
2452508.84635 0.01724 0.00208 Lick8
2452509.82978 0.04997 0.00206 Lick8
2452509.83662 0.04933 0.00207 Lick8
2452511.87965 -0.056 0.0021 Lick8
2452511.88552 -0.06089 0.00217 Lick8
2452512.86798 0.00112 0.00223 Lick8
2452512.87383 0.00097 0.00185 Lick8
2452513.85531 0.05573 0.00209 Lick8
2452513.86117 0.0547 0.002 Lick8
2452534.82436 0.05547 0.00208 Lick8
2452535.77846 0.03418 0.00186 Lick8
2452535.7853 0.03399 0.00183 Lick8
2452812.98083 -0.01302 0.00205 Lick8
2452812.98865 -0.01507 0.00221 Lick8
2452813.96725 0.0525 0.00183 Lick8
2452813.97311 0.04831 0.00208 Lick8
2452890.66319 0.05893 0.00631 Lick8
2452890.82823 0.07105 0.00288 Lick8
2452890.85069 0.06154 0.00261 Lick8
2452893.85951 0.01671 0.00221 Lick8
2452894.77065 0.05916 0.00221 Lick8
2452895.80385 -0.00537 0.00204 Lick8
2452897.76382 -0.01106 0.00193 Lick8
2453201.92032 -0.02585 0.0024 Lick8
2453201.94278 -0.03759 0.00261 Lick8
2453210.98935 0.00171 0.00178 Lick8
2453211.95524 0.05576 0.00177 Lick8
2453212.89378 0.01912 0.00189 Lick8
2453250.90139 0.01523 0.00208 Lick8
2453251.90922 -0.04022 0.00253 Lick8
2453280.79097 0.0131 0.00286 Lick8
2453280.79488 0.00338 0.00222 Lick8
2453281.82415 -0.05164 0.00214 Lick8
2453282.78799 -0.00312 0.00215 Lick8
2453334.64032 0.05893 0.002 Lick8
2453337.63811 -0.00911 0.00245 Lick8
2453360.66205 0.04723 0.0024 Lick8
2453560.97086 -0.03701 0.00251 Lick8
2453564.96574 -0.04867 0.00251 Lick8
2453571.95842 0.05724 0.00324 Lick8
2453571.97407 0.05735 0.00327 Lick8
2453589.93279 -0.01836 0.00297 Lick8
2453590.93619 -0.03715 0.00278 Lick8
2453592.92581 0.06016 0.00387 Lick8
2453593.94639 -0.00108 0.00263 Lick8
2453594.89154 -0.0443 0.00282 Lick8
2453594.91409 -0.04815 0.00287 Lick8
2453596.95921 0.05721 0.00321 Lick8
2453596.98189 0.06635 0.00294 Lick8
2453636.72612 -0.04261 0.00202 Lick8
2453637.74738 -0.03446 0.00218 Lick8
2453866.97408 0.0214 0.00275 Lick8
2453867.98086 0.05825 0.00212 Lick8
2453895.97294 -0.01806 0.00207 Lick8
2453896.98273 0.04925 0.00197 Lick8
2453897.95203 0.04288 0.00217 Lick8
2453923.94653 -0.00077 0.00261 Lick8
2453923.96372 0.00728 0.00249 Lick8
2453925.93851 0.00341 0.00256 Lick8
2453925.95489 0.01301 0.00267 Lick8
2453926.96475 0.06047 0.0023 Lick8
2453926.98579 0.07588 0.00245 Lick8
2453949.92875 -0.04764 0.00301 Lick8
2453949.94645 -0.03937 0.00298 Lick8
2453950.92854 -0.02094 0.00301 Lick8
2453950.94589 -0.0137 0.00315 Lick8
2453951.90141 0.05353 0.00259 Lick8
2453951.91585 0.0554 0.00258 Lick8
2453953.86753 -0.0244 0.00226 Lick8
2453955.92603 0.04078 0.00202 Lick8
2453957.8196 -0.01032 0.00226 Lick8
2453962.81247 -0.03724 0.00286 Lick8
2453962.82698 -0.03049 0.00265 Lick8
2453963.80439 -0.00273 0.00289 Lick8
2453963.81823 0.00179 0.0032 Lick8
2453964.86934 0.07152 0.00316 Lick8
2453964.88566 0.06914 0.0031 Lick8
2453987.81223 -0.03977 0.00217 Lick8
2453987.82111 -0.04458 0.00203 Lick8
2453988.79583 -0.04485 0.00225 Lick8
2453989.83237 0.04067 0.00222 Lick8
2454046.71209 -0.01938 0.00245 Lick8
2454047.68508 -0.0465 0.00229 Lick8
2454049.68374 0.06102 0.00273 Lick8
2454049.6891 0.06351 0.00236 Lick8
2454071.63652 0.02383 0.00221 Lick8
2454072.64287 -0.05173 0.0022 Lick8
2454073.64263 -0.02869 0.00247 Lick8
2454097.61498 -0.02018 0.00248 Lick8
2454097.62501 -0.01253 0.00259 Lick8
2454098.61516 -0.04896 0.00246 Lick8
2454099.62142 0.02516 0.00225 Lick8
2454102.61078 -0.05321 0.00232 Lick8
2454103.61235 -0.00202 0.00236 Lick8
2454311.89641 0.06282 0.0022 Lick8
2454339.90883 -0.05191 0.00224 Lick8
2454339.9138 -0.05201 0.00194 Lick8
2454340.83152 0.0105 0.0023 Lick8
2454340.83633 0.00666 0.00213 Lick8
2454373.76056 -0.05025 0.00215 Lick8
2454424.67933 -0.03853 0.00179 Lick8
2454424.68468 -0.03751 0.00199 Lick8
2454425.62272 0.03302 0.00191 Lick8
2454623.97319 0.01481 0.00292 Lick8
2454623.98035 -0.00713 0.00219 Lick8
2454672.85694 0.00589 0.00256 Lick8
2454672.88271 -0.01353 0.00227 Lick8
2454672.90578 -0.02679 0.00238 Lick8
2454672.92827 -0.01292 0.00233 Lick8
2454694.94966 -0.05794 0.00231 Lick8
2454783.66077 -0.04559 0.00233 Lick8
2454785.61743 0.06318 0.00237 Lick8
2455171.65373 0.03119 0.0033 Lick8
2455171.66004 0.03015 0.00374 Lick8
2455438.86477 -0.02383 0.00221 Lick8
2455438.86746 -0.02114 0.00226 Lick8
2455438.87028 -0.021 0.00232 Lick8
2455527.64739 -0.01498 0.00195 Lick8
2455527.6579 -0.02759 0.00188 Lick8
2455546.62301 0.0028 0.00395 Lick8
2455546.62885 0.02681 0.00273 Lick8
2455843.85107 0.03869 0.00359 Lick8
2455844.76104 -0.01535 0.00282 Lick8
2455846.74607 0.00357 0.00243 Lick8
2450002.6617 -0.0268 0.003 Lick13
2450002.67439 -0.03099 0.00218 Lick13
2450002.69002 -0.0282 0.00208 Lick13
2450002.80525 -0.03181 0.002 Lick13
2450002.82185 -0.03546 0.00216 Lick13
2450002.96052 -0.03853 0.00255 Lick13
2450002.97419 -0.03744 0.00266 Lick13
2450003.61674 -0.00786 0.002 Lick13
2450003.63236 -0.01156 0.00194 Lick13
2450003.64799 -0.01013 0.00208 Lick13
2450003.72221 -0.00155 0.0018 Lick13
2450003.73783 -0.00408 0.00167 Lick13
2450003.75248 -0.00049 0.00164 Lick13
2450003.89212 0.01028 0.00198 Lick13
2450003.90774 0.01063 0.00209 Lick13
2450003.92239 0.01349 0.00235 Lick13
2450004.60107 0.05893 0.00153 Lick13
2450004.61279 0.06484 0.00163 Lick13
2450004.62451 0.06131 0.0018 Lick13
2450004.78467 0.06688 0.00149 Lick13
2450004.79638 0.06927 0.00156 Lick13
2450004.9077 0.07085 0.00187 Lick13
2450004.91845 0.07256 0.00185 Lick13
2450005.60396 0.05544 0.00167 Lick13
2450005.61568 0.05399 0.00154 Lick13
2450005.92329 0.03184 0.00192 Lick13
2450005.93696 0.02921 0.00198 Lick13
2450011.63591 -0.02597 0.0026 Lick13
2450011.6613 -0.03316 0.00251 Lick13
2450011.83121 -0.02216 0.00256 Lick13
2450011.85367 -0.03065 0.00249 Lick13
2450012.63 0.03934 0.00277 Lick13
2450012.65246 0.0348 0.00297 Lick13
2450012.86241 0.05256 0.00321 Lick13
2450012.88487 0.04969 0.00432 Lick13
2450013.61726 0.0782 0.00245 Lick13
2450013.64069 0.07701 0.00278 Lick13
2450013.82818 0.07009 0.00291 Lick13
2450013.84771 0.06782 0.0039 Lick13
2450021.60898 0.07115 0.00251 Lick13
2450021.63143 0.08204 0.00235 Lick13
2450021.65389 0.07562 0.00246 Lick13
2450021.67733 0.06395 0.0023 Lick13
2450021.70272 0.07393 0.00265 Lick13
2450021.72616 0.07921 0.00405 Lick13
2450021.7496 0.06448 0.00456 Lick13
2450023.59225 -0.02534 0.00295 Lick13
2450023.61471 -0.02107 0.00282 Lick13
2450023.63717 -0.01657 0.00242 Lick13
2450023.6606 -0.02588 0.00261 Lick13
2450023.68306 -0.01977 0.00276 Lick13
2450023.70552 -0.01975 0.00244 Lick13
2450023.72994 -0.0288 0.00279 Lick13
2450024.63417 -0.02001 0.00171 Lick13
2450024.65273 -0.02861 0.00169 Lick13
2450024.72205 -0.02149 0.00187 Lick13
2450024.73768 -0.01596 0.00183 Lick13
2450024.81385 -0.01697 0.00226 Lick13
2450024.8285 -0.00935 0.00232 Lick13
2450025.61361 0.05925 0.00261 Lick13
2450025.63703 0.06142 0.00245 Lick13
2450025.70832 0.05623 0.0025 Lick13
2450025.73078 0.06476 0.00237 Lick13
2450025.75422 0.06152 0.00268 Lick13
2450025.77667 0.07062 0.00232 Lick13
2450026.60572 0.07957 0.00431 Lick13
2450026.62623 0.08546 0.00264 Lick13
2450026.64868 0.08389 0.00295 Lick13
2450026.67212 0.08096 0.00434 Lick13
2450026.69458 0.08532 0.00362 Lick13
2450026.71802 0.08287 0.00313 Lick13
2450026.74048 0.06801 0.00289 Lick13
2450027.64081 -0.0054 0.00251 Lick13
2450027.66229 0.00054 0.00239 Lick13
2450027.68767 -0.01178 0.00288 Lick13
2450027.70525 -0.01231 0.00427 Lick13
2450027.7326 -0.01393 0.00301 Lick13
2450027.75408 -0.01889 0.00242 Lick13
2450027.77654 -0.01027 0.00258 Lick13
2450028.59875 -0.02221 0.00267 Lick13
2450028.62218 -0.02454 0.00258 Lick13
2450028.64758 -0.01199 0.00252 Lick13
2450028.67003 -0.01871 0.0024 Lick13
2450028.69346 -0.02008 0.00247 Lick13
2450028.71592 -0.02165 0.00237 Lick13
2450028.73839 -0.02632 0.00258 Lick13
2450028.76085 -0.0152 0.00245 Lick13
2450028.78428 -0.01788 0.00263 Lick13
2450029.60063 0.03402 0.00221 Lick13
2450029.62309 0.04545 0.00227 Lick13
2450029.69242 0.04503 0.00249 Lick13
2450029.71488 0.0495 0.00244 Lick13
2450029.73832 0.04719 0.00243 Lick13
2450029.76175 0.05078 0.00254 Lick13
2450030.5947 0.08606 0.00301 Lick13
2450030.61521 0.06753 0.00313 Lick13
2450030.63961 0.06236 0.00352 Lick13
2450030.665 0.07892 0.00422 Lick13
2450030.68649 0.07763 0.00308 Lick13
2450030.71188 0.07161 0.00378 Lick13
2450030.73141 0.06768 0.00325 Lick13
2450030.75485 0.07736 0.00277 Lick13
2450030.82613 0.07225 0.00264 Lick13
2450030.84956 0.068 0.00278 Lick13
2450031.65321 0.01908 0.00277 Lick13
2450031.67665 0.00366 0.00279 Lick13
2450031.69911 0.00782 0.00278 Lick13
2450031.72059 0.01533 0.00303 Lick13
2450031.74402 0.01418 0.00308 Lick13
2450031.76648 0.00061 0.00348 Lick13
2450032.59455 -0.02664 0.0022 Lick13
2450032.61701 -0.03096 0.00214 Lick13
2450032.63947 -0.03477 0.00242 Lick13
2450032.66291 -0.02957 0.0024 Lick13
2450032.68536 -0.0203 0.0026 Lick13
2450032.70782 -0.02297 0.00249 Lick13
2450033.60034 0.01771 0.00226 Lick13
2450033.62279 0.02027 0.00242 Lick13
2450033.64623 0.02212 0.00237 Lick13
2450033.66869 0.03301 0.00247 Lick13
2450033.69115 0.02239 0.0027 Lick13
2450033.71361 0.0322 0.00239 Lick13
2450033.73704 0.03301 0.00236 Lick13
2450035.59237 0.0323 0.00172 Lick13
2450035.60116 0.02797 0.00195 Lick13
2450035.60897 0.03158 0.00183 Lick13
2450040.75212 -0.02531 0.00342 Lick13
2450041.5958 -0.01464 0.00268 Lick13
2450041.61729 -0.00401 0.00248 Lick13
2450041.68661 -0.00498 0.00234 Lick13
2450041.71005 -0.00795 0.00243 Lick13
2450041.73251 -0.00424 0.00234 Lick13
2450041.75496 -0.00362 0.00303 Lick13
2450043.6347 0.07615 0.0025 Lick13
2450043.65911 0.06373 0.00249 Lick13
2450044.6395 -0.01355 0.00237 Lick13
2450044.6639 -0.01767 0.00223 Lick13
2450045.59645 -0.01619 0.00247 Lick13
2450045.62281 -0.02221 0.00241 Lick13
2450046.66959 0.05319 0.00309 Lick13
2450046.6901 0.04805 0.00309 Lick13
2450046.71451 0.06342 0.00271 Lick13
2450046.73795 0.05022 0.00266 Lick13
2450048.64624 0.00886 0.00356 Lick13
2450048.66888 -0.00847 0.00365 Lick13
2450048.7508 -0.01127 0.00522 Lick13
2450048.77901 -0.00055 0.00532 Lick13
2450058.58066 -0.01303 0.00186 Lick13
2450058.61191 -0.0093 0.00407 Lick13
2450068.67056 0.09492 0.00331 Lick13
2450068.694 0.08193 0.00295 Lick13
2450072.64676 0.07236 0.00183 Lick13
2450073.67108 0.03039 0.00288 Lick13
2450086.72852 0.0018 0.00277 Lick13
2450087.58783 -0.03255 0.00239 Lick13
2450088.6102 0.01195 0.00187 Lick13
2450089.68335 0.07628 0.00185 Lick13
2450090.65983 0.02948 0.00221 Lick13
2450091.6119 -0.03042 0.00179 Lick13
2450182.02133 0.04335 0.00277 Lick13
2450215.96663 0.05771 0.0031 Lick13
2450215.98909 0.05745 0.00289 Lick13
2450224.98198 0.10602 0.01189 Lick13
2450224.99565 0.13282 0.02217 Lick13
2450231.97475 -0.02111 0.00452 Lick13
2450232.95432 0.06067 0.00382 Lick13
2450232.97776 0.05945 0.00352 Lick13
2450233.9964 0.07533 0.00392 Lick13
2450235.94091 -0.02244 0.00313 Lick13
2450235.96434 -0.02545 0.00306 Lick13
2450262.99308 0.07567 0.0015 Lick13
2450298.9284 -0.03732 0.00191 Lick13
2450304.89358 0.06087 0.0018 Lick13
2450326.90224 0.06669 0.00178 Lick13
2450441.65521 0.04109 0.00282 Lick13
2450610.97202 0.03967 0.00304 Lick13
2450611.95941 -0.03115 0.00246 Lick13
2450645.84608 -0.03877 0.00173 Lick13
2450655.92202 0.04329 0.00188 Lick13
2450793.61834 -0.02061 0.00182 Lick13
2453927.05243 0.05509211531 0.00052202 HIRES
2453982.84909 0.01480187339 0.0006334984 HIRES
2454085.79746 -0.05729100685 0.0006868045 HIRES
2454337.09318 0.04718309381 0.0012500095 HIRES
2454339.04799 -0.03904752822 0.0011982954 HIRES
2454398.8581 -0.05789155967 0.0012714902 HIRES
2454806.77007 0.04862869592 0.0013129176 HIRES
2454838.73161 -0.05620084816 0.0013453617 HIRES
2454964.12884 0.03780455457 0.0011732244 HIRES
2454984.09954 0.02764382173 0.0011647831 HIRES
2454985.11786 0.04439449569 0.0010462172 HIRES
2454986.1188 -0.03279088647 0.001088786 HIRES
2454987.11868 -0.05319144435 0.0010804609 HIRES
2454988.11958 0.01989239292 0.0012001196 HIRES
2454989.11454 0.04824799522 0.0010594391 HIRES
2455015.05422 0.02387796743 0.0010308858 HIRES
2455016.06847 -0.04996094516 0.0009537257 HIRES
2455019.02184 0.04290030002 0.0012330184 HIRES
2455027.03177 0.05567071062 0.0011135056 HIRES
2455041.93029 -0.05290433523 0.001276032 HIRES
2455078.08321 0.04696600997 0.0011152307 HIRES
2455106.76551 0.03117858304 0.0013677191 HIRES
2455135.72721 -0.01894728185 0.001278372 HIRES
2455189.68936 -0.05632270804 0.0012739928 HIRES
2455190.69351 -0.02371203582 0.0013843373 HIRES
2455192.68788 0.02983850068 0.0012865962 HIRES
2455379.09687 0.00866639615 0.0010874784 HIRES
2455404.93073 -0.02727082484 0.0013252178 HIRES
2455435.04776 -0.05264028997 0.0012133979 HIRES
2455704.08126 0.0495836934 0.0010819632 HIRES
2455729.11084 0.04840973628 0.0011799353 HIRES
2455732.0288 -0.03765924088 0.0007907495 HIRES
2455753.0742 -0.04834178811 0.0010974315 HIRES
2455782.86091 -0.03091009879 0.0012748557 HIRES
2455841.78335 -0.05272603793 0.0013422503 HIRES
2456077.12984 0.01173617948 0.0011011044 HIRES
2456477.10493 -0.00488480116 0.001217959 HIRES
2456529.88589 0.01163455714 0.0011928341 HIRES
2456584.74135 0.0200531846 0.0013498826 HIRES
2456639.68289 0.02181288785 0.0012224709 HIRES
2456847.92616 -0.05410112957 0.0010869322 HIRES
2456565.59183 -33.1812371352 0.00022802804 HARPS
2456565.71292 -33.1725966351 0.00018685585 HARPS
2456508.86017 -33.1529351585 0.00021474638 HARPS
2456468.93916 -33.1317546997 0.00019689485 HARPS
2456451.84 -33.1463158123 0.00027497384 HARPS
2456508.80157 -33.1493094893 0.00024858476 HARPS
2456565.7012 -33.1739194939 0.00017664398 HARPS
2456565.66214 -33.1771416851 0.00020347447 HARPS
2456544.65834 -33.1642105877 0.00042798132 HARPS
2456540.67 -33.1448812724 0.00026801799 HARPS
2456565.60745 -33.1802105278 0.00021671225 HARPS
2456565.68557 -33.1750518988 0.00018283341 HARPS
2456565.69729 -33.174217538 0.00017526248 HARPS
2456565.59573 -33.1816355698 0.00019827548 HARPS
2456565.67776 -33.1752367458 0.00020129806 HARPS
2456544.59974 -33.1692475437 0.00030939985 HARPS
2456544.59193 -33.1683239341 0.00035897311 HARPS
2456544.6349 -33.1664198075 0.00028974747 HARPS
2456565.64651 -33.1781372538 0.00020047802 HARPS
2456565.65823 -33.178674777 0.00019663593 HARPS
2456468.80243 -33.1418687058 0.00029889697 HARPS
2456508.78594 -33.1471319982 0.00029204158 HARPS
2456565.58401 -33.1826576815 0.00022298008 HARPS
2456544.61537 -33.1679592639 0.00025422837 HARPS
2456565.54105 -33.1845783542 0.00032736493 HARPS
2456565.53323 -33.1850371523 0.00032400445 HARPS
2456544.64271 -33.1651892363 0.00034374614 HARPS
2456508.79376 -33.1478234006 0.0002648529 HARPS
2456565.61917 -33.1811154404 0.0002107822 HARPS
2456468.79462 -33.1433905638 0.00020574602 HARPS
2456508.82892 -33.1508785641 0.00022266539 HARPS
2456508.82501 -33.1494564517 0.0002253693 HARPS
2456468.94307 -33.1318871595 0.00020261951 HARPS
2456565.63089 -33.1795287045 0.00020266525 HARPS
2456544.67787 -33.163006148 0.00035872975 HARPS
2456508.86798 -33.1532515715 0.00023107505 HARPS
2456565.62308 -33.1806326167 0.00019767372 HARPS
2456565.56839 -33.1838152038 0.00023055896 HARPS
2456508.81329 -33.1489603619 0.00023080025 HARPS
2456565.65042 -33.1781106703 0.00018618983 HARPS
2456451.84781 -33.1468391814 0.00023134596 HARPS
2456565.5723 -33.1832990435 0.00023225739 HARPS
2456468.92744 -33.1311783147 0.00019834418 HARPS
2456565.53714 -33.1860088113 0.00037902802 HARPS
2456508.8172 -33.1503121585 0.00021720851 HARPS
2456565.67386 -33.1756672638 0.00019126647 HARPS
2456508.84845 -33.1521099014 0.00021547526 HARPS
2456565.70901 -33.1741443877 0.00017747459 HARPS
2456565.61136 -33.1807374011 0.00020812881 HARPS
2456468.7868 -33.1419910505 0.00025866669 HARPS
2456508.83673 -33.150827626 0.00023407058 HARPS
2456508.88751 -33.1538505977 0.00026170089 HARPS
2456540.67782 -33.1438277419 0.00026935192 HARPS
2456508.85626 -33.152356299 0.00023241333 HARPS
2456565.54495 -33.184295782 0.00028123637 HARPS
2456565.52933 -33.1851020468 0.00033537184 HARPS
2456508.87189 -33.1541963462 0.00025898034 HARPS
2456506.82879 -33.1460050396 0.00045542301 HARPS
2456508.84454 -33.1506133769 0.00022678083 HARPS
2456540.69344 -33.1426259902 0.00033968743 HARPS
2456508.89142 -33.1547502054 0.00024348694 HARPS
2456544.60756 -33.1687764065 0.00026005463 HARPS
2456565.56058 -33.1835091463 0.00025055536 HARPS
2456565.66995 -33.1763540013 0.00021083626 HARPS
2456565.63479 -33.1802039075 0.00019421111 HARPS
2456565.72854 -33.1713859198 0.00018205185 HARPS
2456565.73635 -33.1701797581 0.0001978136 HARPS
2456544.65053 -33.1641280949 0.00038279903 HARPS
2456565.55667 -33.1836662392 0.00028353997 HARPS
2456508.80548 -33.1493961299 0.00023786705 HARPS
2456508.8797 -33.1542148609 0.0002443725 HARPS
2456544.62709 -33.1666232637 0.0002896237 HARPS
2456565.71682 -33.1713129822 0.00018260607 HARPS
2456506.82098 -33.1453704931 0.00043683307 HARPS
2456544.66615 -33.1622957406 0.00053808878 HARPS
2456508.78204 -33.1456787805 0.00030715459 HARPS
2456565.55276 -33.1848342611 0.0002551225 HARPS
2456565.59964 -33.1813321443 0.00021083252 HARPS
2456540.68563 -33.1427399786 0.00029968848 HARPS
2456451.83609 -33.1460221101 0.0002794264 HARPS
2456468.91963 -33.1309697078 0.00020109784 HARPS
2456468.91181 -33.1313504897 0.0002188669 HARPS
2456508.77422 -33.1460806843 0.00028668164 HARPS
2456565.58011 -33.1820156696 0.00022572016 HARPS
2456468.81024 -33.1409228306 0.00038978918 HARPS
2456468.93135 -33.1312409715 0.0001994502 HARPS
2456565.72464 -33.1712516862 0.00017453748 HARPS
2456565.6387 -33.1788354655 0.00019704689 HARPS
2456544.61928 -33.1684920434 0.00026219977 HARPS
2456565.68948 -33.1749583424 0.00018376305 HARPS
2456544.67396 -33.1632359482 0.00041983695 HARPS

#
#  
#   VizieR Astronomical Server vizier.u-strasbg.fr
#    Date: 2018-12-04T01:11:09 [V1.99+ (14-Oct-2013)]
#   In case of problem, please report to: cds-question@unistra.fr
# 
#   
#Coosys J2000: eq_FK5 J2000 
#INFO votable-version=1.99+ (14-Oct-2013) 
#INFO -ref=VIZ5c05d3b233bc 
#INFO -out.max=1000 
#INFO queryParameters=13 
#-oc.form=sexa
#-out.max=1000
#-out.add=_r
#-out.add=_RAJ,_DEJ
#-sort=_r
#-order=I
#-nav=cat:J/AJ/153/138&tab:{J/AJ/153/138/table1}&key:source=J/AJ/153/138/table1&HTTPPRM:&&-ref=VIZ5c05d3b233bc&-out.max=1000&-out.form=HTML Table&-out.add=_r&-out.add=_RAJ,_DEJ&-sort=_r&-order=I&-oc.form=sexa&-out.src=J/AJ/153/138/table1&-out=BJD&-out=RV&-out=e_RV&-out=Set&-meta.ucd=2&-meta=1&-meta.foot=1&-usenav=1&-bmark=POST&
#-out.src=J/AJ/153/138/table1
#-source=J/AJ/153/138/table1
#-out=BJD
#-out=RV
#-out=e_RV
#-out=Set
#

#RESOURCE=yCat_51530138
#Name: J/AJ/153/138
#Title: Radial velocity curve of 51 Peg (Birkby+, 2017)
#Table J_AJ_153_138_table1:
#Name: J/AJ/153/138/table1
#Title: Stellar radial velocity measurements of 51 Peg from multiple observatories
