#---------------- --------     ------
#BJD - 2450000(d)  Flux        e_flux    
#---------------- --------     ------
 8325.29698330   0.99919324  0.00021488 
 8325.29837220   0.99935260  0.00021488 
 8325.29976100   0.99939747  0.00021488 
 8325.30114990   0.99949504  0.00021488 
 8325.30253880   0.99994293  0.00021488 
 8325.30392760   1.00010110  0.00021488 
 8325.30531650   0.99998477  0.00021488 
 8325.30670540   0.99997195  0.00021488 
 8325.30809420   1.00023194  0.00021488 
 8325.30948310   1.00025452  0.00021488 
 8325.31087200   1.00013370  0.00021488 
 8325.31226080   1.00008558  0.00021488 
 8325.31364970   0.99989967  0.00021488 
 8325.31503860   1.00011616  0.00021488 
 8325.31642750   1.00017186  0.00021488 
 8325.31781630   1.00005115  0.00021488 
 8325.31920520   0.99979634  0.00021488 
 8325.32059410   1.00029776  0.00021488 
 8325.32198290   1.00007385  0.00021488 
 8325.32337180   1.00009176  0.00021488 
 8325.32476070   1.00010357  0.00021488 
 8325.32614950   1.00026218  0.00021488 
 8325.32753840   1.00035459  0.00021488 
 8325.32892730   1.00000530  0.00021488 
 8325.33031620   1.00036423  0.00021488 
 8325.33170500   1.00025274  0.00021488 
 8325.33309390   1.00009646  0.00021488 
 8325.33448280   1.00000738  0.00021488 
 8325.33587160   0.99998041  0.00021488 
 8325.33726050   1.00006444  0.00021488 
 8325.33864940   0.99987927  0.00021488 
 8325.34003820   1.00018211  0.00021488 
 8325.34142710   0.99989394  0.00021488 
 8325.34281600   1.00043729  0.00021488 
 8325.34420490   1.00015982  0.00021488 
 8325.34559370   0.99981636  0.00021488 
 8325.34698260   0.99994141  0.00021488 
 8325.34837150   0.99975155  0.00021488 
 8325.34976030   0.99989760  0.00021488 
 8325.35114920   1.00003856  0.00021488 
 8325.35253810   0.99967271  0.00021488 
 8325.35392690   1.00031998  0.00021488 
 8325.35531580   1.00000763  0.00021488 
 8325.35670470   0.99991389  0.00021488 
 8325.35809360   1.00027256  0.00021488 
 8325.35948240   1.00006703  0.00021488 
 8325.36087130   0.99991959  0.00021488 
 8325.36226020   1.00010387  0.00021488 
 8325.36364900   1.00026935  0.00021488 
 8325.36503790   1.00003772  0.00021488 
 8325.36642680   1.00006650  0.00021488 
 8325.36781560   0.99995788  0.00021488 
 8325.36920450   0.99986426  0.00021488 
 8325.37059340   0.99978484  0.00021488 
 8325.37198220   0.99999714  0.00021488 
 8325.37337110   0.99999003  0.00021488 
 8325.37476000   1.00006362  0.00021488 
 8325.37614890   0.99993591  0.00021488 
 8325.37753770   1.00021092  0.00021488 
 8325.37892660   1.00001331  0.00021488 
 8325.38031550   1.00005122  0.00021488 
 8325.38170430   1.00039383  0.00021488 
 8325.38309320   1.00021363  0.00021488 
 8325.38448210   0.99984154  0.00021488 
 8325.38587090   0.99986175  0.00021488 
 8325.38725980   0.99979146  0.00021488 
 8325.38864870   1.00005738  0.00021488 
 8325.39003760   1.00008150  0.00021488 
 8325.39142640   1.00007492  0.00021488 
 8325.39281530   0.99989135  0.00021488 
 8325.39420420   1.00002067  0.00021488 
 8325.39559300   0.99988000  0.00021488 
 8325.39698190   1.00000973  0.00021488 
 8325.39837080   0.99998117  0.00021488 
 8325.39975960   1.00010440  0.00021488 
 8325.40114850   0.99979224  0.00021488 
 8325.40253740   0.99969468  0.00021488 
 8325.40392630   0.99993852  0.00021488 
 8325.40531510   1.00025967  0.00021488 
 8325.40670400   0.99995382  0.00021488 
 8325.40809290   0.99979767  0.00021488 
 8325.40948170   1.00014752  0.00021488 
 8325.41087060   0.99996188  0.00021488 
 8325.41225950   0.99984203  0.00021488 
 8325.41364830   0.99995219  0.00021488 
 8325.41503720   0.99997346  0.00021488 
 8325.41642610   1.00029542  0.00021488 
 8325.41781500   0.99983599  0.00021488 
 8325.41920380   0.99992556  0.00021488 
 8325.42059270   0.99959892  0.00021488 
 8325.42198160   1.00000160  0.00021488 
 8325.42337040   0.99993678  0.00021488 
 8325.42475930   0.99992326  0.00021488 
 8325.42614820   1.00002004  0.00021488 
 8325.42753700   0.99993862  0.00021488 
 8325.42892590   0.99980621  0.00021488 
 8325.43031480   0.99978819  0.00021488 
 8325.43170370   0.99992989  0.00021488 
 8325.43309250   0.99999368  0.00021488 
 8325.43448140   0.99992077  0.00021488 
 8325.43587030   1.00003017  0.00021488 
 8325.43725910   1.00020768  0.00021488 
 8325.43864800   0.99989527  0.00021488 
 8325.44003690   1.00001238  0.00021488 
 8325.44142570   1.00032929  0.00021488 
 8325.44281460   1.00015620  0.00021488 
 8325.44420350   0.99970231  0.00021488 
 8325.44559240   0.99977092  0.00021488 
 8325.44698120   0.99972084  0.00021488 
 8325.44837010   0.99972116  0.00021488 
 8325.44975900   0.99999158  0.00021488 
 8325.45114780   0.99959250  0.00021488 
 8325.45253670   0.99976143  0.00021488 
 8325.45392560   0.99993186  0.00021488 
 8325.45531450   0.99965009  0.00021488 
 8325.45670330   0.99974692  0.00021488 
 8325.45809220   0.99976746  0.00021488 
 8325.45948110   0.99974230  0.00021488 
 8325.46086990   0.99989754  0.00021488 
 8325.46225880   0.99985708  0.00021488 
 8325.46364770   0.99968283  0.00021488 
 8325.46503650   0.99967637  0.00021488 
 8325.46642540   0.99974512  0.00021488 
 8325.46781430   0.99983718  0.00021488 
 8325.46920320   0.99996103  0.00021488 
 8325.47059200   0.99986859  0.00021488 
 8325.47198090   0.99973275  0.00021488 
 8325.47336980   0.99956281  0.00021488 
 8325.47475860   0.99981558  0.00021488 
 8325.47614750   1.00005934  0.00021488 
 8325.47753640   0.99968141  0.00021488 
 8325.47892520   0.99977728  0.00021488 
 8325.48031410   0.99959235  0.00021488 
 8325.48170300   0.99958093  0.00021488 
 8325.48309190   0.99993361  0.00021488 
 8325.48448070   0.99980229  0.00021488 
 8325.48586960   0.99999848  0.00021488 
 8325.48725850   0.99963176  0.00021488 
 8325.48864730   0.99964525  0.00021488 
 8325.49003620   1.00000854  0.00021488 
 8325.49142510   0.99973303  0.00021488 
 8325.49281390   1.00021203  0.00021488 
 8325.49420280   1.00011003  0.00021488 
 8325.49559170   0.99976743  0.00021488 
 8325.49698060   0.99987513  0.00021488 
 8325.49836940   0.99978263  0.00021488 
 8325.49975830   0.99970444  0.00021488 
 8325.50114720   0.99997635  0.00021488 
 8325.50253600   0.99996146  0.00021488 
 8325.50392490   0.99995448  0.00021488 
 8325.50531380   0.99981709  0.00021488 
 8325.50670270   0.99973671  0.00021488 
 8325.50809150   1.00001834  0.00021488 
 8325.50948040   0.99990476  0.00021488 
 8325.51086930   0.99959638  0.00021488 
 8325.51225810   0.99961991  0.00021488 
 8325.51364700   0.99993135  0.00021488 
 8325.51503590   0.99962588  0.00021488 
 8325.51642470   0.99994401  0.00021488 
 8325.51781360   0.99974085  0.00021488 
 8325.51920250   0.99936239  0.00021488 
 8325.52059140   0.99982723  0.00021488 
 8325.52198020   0.99987978  0.00021488 
 8325.52336910   0.99955112  0.00021488 
 8325.52475800   1.00014248  0.00021488 
 8325.52614680   0.99992363  0.00021488 
 8325.52753570   0.99990219  0.00021488 
 8325.52892460   0.99999314  0.00021488 
 8325.53031340   0.99990940  0.00021488 
 8325.53170230   0.99966106  0.00021488 
 8325.53309120   0.99986533  0.00021488 
 8325.53448010   0.99973999  0.00021488 
 8325.53586890   0.99945116  0.00021488 
 8325.53725780   0.99980493  0.00021488 
 8325.53864670   0.99993221  0.00021488 
 8325.54003550   0.99979358  0.00021488 
 8325.54142440   0.99974416  0.00021488 
 8325.54281330   0.99980544  0.00021488 
 8325.54420220   0.99985403  0.00021488 
 8325.54559100   0.99959031  0.00021488 
 8325.54697990   0.99986910  0.00021488 
 8325.54836880   0.99994019  0.00021488 
 8325.54975760   0.99953788  0.00021488 
 8325.55114650   0.99993238  0.00021488 
 8325.55253540   0.99984318  0.00021488 
 8325.55392420   1.00000298  0.00021488 
 8325.55531310   0.99969578  0.00021488 
 8325.55670200   0.99995418  0.00021488 
 8325.55809090   0.99974859  0.00021488 
 8325.55947970   0.99983630  0.00021488 
 8325.56086860   0.99985401  0.00021488 
 8325.56225750   0.99993773  0.00021488 
 8325.56364630   1.00000444  0.00021488 
 8325.56503520   0.99970276  0.00021488 
 8325.56642410   0.99983808  0.00021488 
 8325.56781300   0.99998031  0.00021488 
 8325.56920180   1.00015564  0.00021488 
 8325.57059070   0.99990166  0.00021488 
 8325.57197960   1.00010270  0.00021488 
 8325.57336840   0.99971142  0.00021488 
 8325.57475730   1.00013576  0.00021488 
 8325.57614620   1.00000340  0.00021488 
 8325.57753500   1.00011844  0.00021488 
 8325.57892390   1.00010069  0.00021488 
 8325.58031280   0.99996553  0.00021488 
 8325.58170170   0.99998858  0.00021488 
 8325.58309050   0.99981592  0.00021488 
 8325.58447940   0.99997658  0.00021488 
 8325.58586830   0.99999363  0.00021488 
 8325.58725710   1.00006899  0.00021488 
 8325.58864600   0.99999425  0.00021488 
 8325.59003490   1.00002231  0.00021488 
 8325.59142380   0.99996388  0.00021488 
 8325.59281260   1.00029085  0.00021488 
 8325.59420150   1.00009561  0.00021488 
 8325.59559040   0.99987168  0.00021488 
 8325.59697920   1.00014936  0.00021488 
 8325.59836810   0.99989203  0.00021488 
 8325.59975700   1.00010531  0.00021488 
 8325.60114580   1.00005929  0.00021488 
 8325.60253470   1.00001297  0.00021488 
 8325.60392360   1.00022806  0.00021488 
 8325.60531250   1.00001525  0.00021488 
 8325.60670130   0.99987064  0.00021488 
 8325.60809020   1.00026094  0.00021488 
 8325.60947910   1.00026963  0.00021488 
 8325.61086790   0.99974982  0.00021488 
 8325.61225680   0.99999002  0.00021488 
 8325.61364570   1.00020373  0.00021488 
 8325.61503460   1.00005703  0.00021488 
 8325.61642340   0.99988183  0.00021488 
 8325.61781230   1.00013615  0.00021488 
 8325.61920120   1.00012476  0.00021488 
 8325.62059000   1.00011307  0.00021488 
 8325.62197890   1.00004619  0.00021488 
 8325.62336780   1.00008181  0.00021488 
 8325.62475670   0.99991593  0.00021488 
 8325.62614550   0.99998355  0.00021488 
 8325.62753440   1.00031318  0.00021488 
 8325.62892330   1.00006881  0.00021488 
 8325.63031210   0.99978423  0.00021488 
 8325.63170100   1.00012317  0.00021488 
 8325.63308990   0.99990170  0.00021488 
 8325.63447870   1.00029905  0.00021488 
 8325.63586760   1.00021759  0.00021488 
 8325.63725650   1.00014693  0.00021488 
 8325.63864540   0.99994067  0.00021488 
 8325.64003420   0.99979281  0.00021488 
 8325.64142310   0.99991767  0.00021488 
 8325.64281200   1.00015422  0.00021488 
 8325.64420080   0.99992487  0.00021488 
 8325.64558970   0.99981473  0.00021488 
 8325.64697860   0.99967858  0.00021488 
 8325.64836750   0.99999455  0.00021488 
 8325.64975630   1.00016622  0.00021488 
 8325.65114520   0.99993518  0.00021488 
 8325.65253410   1.00011245  0.00021488 
 8325.65392290   0.99985232  0.00021488 
 8325.65531180   0.99981649  0.00021488 
 8325.65670070   0.99997047  0.00021488 
 8325.65808960   1.00006865  0.00021488 
 8325.65947840   0.99993683  0.00021488 
 8325.66086730   1.00029852  0.00021488 
 8325.66225620   1.00004290  0.00021488 
 8325.66364500   1.00016439  0.00021488 
 8325.66503390   0.99989008  0.00021488 
 8325.66642280   1.00001807  0.00021488 
 8325.66781160   1.00036298  0.00021488 
 8325.66920050   0.99995116  0.00021488 
 8325.67058940   0.99958075  0.00021488 
 8325.67197830   0.99978376  0.00021488 
 8325.67336710   0.99985706  0.00021488 
 8325.67475600   0.99952766  0.00021488 
 8325.67614490   1.00001529  0.00021488 
 8325.67753370   1.00001050  0.00021488 
 8325.67892260   1.00009981  0.00021488 
 8325.68031150   1.00027304  0.00021488 
 8325.68170040   1.00009855  0.00021488 
 8325.68308920   1.00027998  0.00021488 
 8325.68447810   0.99984989  0.00021488 
 8325.68586700   0.99995711  0.00021488 
 8325.68725580   0.99991114  0.00021488 
 8325.68864470   0.99975677  0.00021488 
 8325.69003360   1.00003601  0.00021488 
 8325.69142250   1.00017665  0.00021488 
 8325.69281130   0.99997238  0.00021488 
 8325.69420020   1.00008232  0.00021488 
 8325.69558910   0.99980616  0.00021488 
 8325.69697790   0.99993591  0.00021488 
 8325.69836680   0.99993375  0.00021488 
 8325.69975570   1.00026981  0.00021488 
 8325.70114460   1.00017906  0.00021488 
 8325.70253340   1.00011922  0.00021488 
 8325.70392230   1.00023008  0.00021488 
 8325.70531120   0.99994783  0.00021488 
 8325.70670000   1.00012619  0.00021488 
 8325.70808890   0.99993335  0.00021488 
 8325.70947780   0.99996612  0.00021488 
 8325.71086660   0.99999259  0.00021488 
 8325.71225550   1.00005706  0.00021488 
 8325.71364440   1.00020674  0.00021488 
 8325.71503330   0.99996741  0.00021488 
 8325.71642210   0.99994598  0.00021488 
 8325.71781100   1.00001557  0.00021488 
 8325.71919990   0.99993895  0.00021488 
 8325.72058870   0.99984703  0.00021488 
 8325.72197760   0.99979581  0.00021488 
 8325.72336650   0.99980350  0.00021488 
 8325.72475540   0.99959139  0.00021488 
 8325.72614420   0.99991340  0.00021488 
 8325.72753310   0.99970878  0.00021488 
 8325.72892200   0.99984889  0.00021488 
 8325.73031080   1.00010790  0.00021488 
 8325.73169970   0.99999770  0.00021488 
 8325.73308860   0.99987480  0.00021488 
 8325.73447750   0.99969151  0.00021488 
 8325.73586630   1.00015134  0.00021488 
 8325.73725520   1.00005525  0.00021488 
 8325.73864410   0.99984805  0.00021488 
 8325.74003290   1.00012148  0.00021488 
 8325.74142180   0.99998530  0.00021488 
 8325.74281070   1.00009853  0.00021488 
 8325.74419960   0.99957573  0.00021488 
 8325.74558840   1.00050290  0.00021488 
 8325.74697730   0.99996001  0.00021488 
 8325.74836620   0.99987563  0.00021488 
 8325.74975500   0.99990327  0.00021488 
 8325.75114390   0.99996051  0.00021488 
 8325.75253280   1.00042927  0.00021488 
 8325.75392170   0.99998669  0.00021488 
 8325.75531050   1.00003584  0.00021488 
 8325.75669940   1.00011089  0.00021488 
 8325.75808830   0.99991823  0.00021488 
 8325.75947710   0.99990098  0.00021488 
 8325.76086600   1.00000514  0.00021488 
 8325.76225490   0.99993030  0.00021488 
 8325.76364370   0.99994286  0.00021488 
 8325.76503260   0.99975791  0.00021488 
 8325.76642150   0.99995378  0.00021488 
 8325.76781040   0.99979784  0.00021488 
 8325.76919920   0.99991061  0.00021488 
 8325.77058810   1.00049972  0.00021488 
 8325.77197700   1.00026838  0.00021488 
 8325.77336580   0.99989903  0.00021488 
 8325.77475470   1.00023453  0.00021488 
 8325.77614360   1.00001700  0.00021488 
 8325.77753250   0.99992128  0.00021488 
 8325.77892130   1.00013757  0.00021488 
 8325.78031020   1.00025667  0.00021488 
 8325.78169910   1.00023266  0.00021488 
 8325.78308790   1.00006664  0.00021488 
 8325.78447680   1.00012444  0.00021488 
 8325.78586570   0.99991312  0.00021488 
 8325.78725460   0.99978391  0.00021488 
 8325.78864340   1.00000723  0.00021488 
 8325.79003230   0.99998093  0.00021488 
 8325.79142120   0.99988803  0.00021488 
 8325.79281000   1.00015466  0.00021488 
 8325.79419890   1.00009426  0.00021488 
 8325.79558780   1.00004058  0.00021488 
 8331.48024620   1.00020003  0.00021488 
 8331.48163510   0.99986931  0.00021488 
 8331.48302390   0.99966898  0.00021488 
 8331.48441280   1.00042234  0.00021488 
 8331.48580170   0.99991951  0.00021488 
 8331.48719060   1.00005128  0.00021488 
 8331.48857940   1.00023544  0.00021488 
 8331.48996830   0.99995230  0.00021488 
 8331.49135720   1.00014185  0.00021488 
 8331.49274600   0.99994021  0.00021488 
 8331.49413490   1.00029916  0.00021488 
 8331.49552380   0.99982992  0.00021488 
 8331.49691270   0.99982486  0.00021488 
 8331.49830150   0.99972261  0.00021488 
 8331.49969040   0.99993685  0.00021488 
 8331.50107930   1.00021899  0.00021488 
 8331.50246820   1.00002093  0.00021488 
 8331.50385700   1.00030956  0.00021488 
 8331.50524590   1.00010299  0.00021488 
 8331.50663480   1.00011323  0.00021488 
 8331.50802370   0.99996455  0.00021488 
 8331.51080140   0.99965411  0.00021488 
 8331.51219030   1.00024822  0.00021488 
 8331.51357910   0.99991154  0.00021488 
 8331.51635690   1.00002157  0.00021488 
 8331.51774580   1.00008878  0.00021488 
 8331.51913460   1.00029909  0.00021488 
 8331.52052350   0.99996180  0.00021488 
 8331.52191240   1.00005610  0.00021488 
 8331.52330130   1.00004300  0.00021488 
 8331.52469010   1.00023100  0.00021488 
 8331.52607900   0.99987790  0.00021488 
 8331.52746790   1.00016839  0.00021488 
 8331.52885680   0.99990758  0.00021488 
 8331.53024560   1.00003317  0.00021488 
 8331.53163450   1.00008656  0.00021488 
 8331.53302340   1.00009754  0.00021488 
 8331.53441230   0.99974263  0.00021488 
 8331.53580110   0.99992580  0.00021488 
 8331.53719000   0.99979568  0.00021488 
 8331.53857890   1.00026376  0.00021488 
 8331.53996770   0.99942963  0.00021488 
 8331.54135660   0.99938180  0.00021488 
 8331.54274550   0.99979976  0.00021488 
 8331.54413440   1.00008813  0.00021488 
 8331.54552320   1.00003059  0.00021488 
 8331.54691210   0.99987765  0.00021488 
 8331.54830100   1.00017581  0.00021488 
 8331.54968990   1.00051837  0.00021488 
 8331.55107870   1.00007432  0.00021488 
 8331.55246760   1.00015597  0.00021488 
 8331.55385650   0.99995941  0.00021488 
 8331.55941200   1.00031198  0.00021488 
 8331.56080080   1.00013502  0.00021488 
 8331.56218970   0.99972365  0.00021488 
 8331.56496750   0.99974641  0.00021488 
 8331.56774520   0.99989926  0.00021488 
 8331.56913410   0.99982298  0.00021488 
 8331.57052300   1.00000860  0.00021488 
 8331.57191180   1.00003941  0.00021488 
 8331.57330070   1.00001022  0.00021488 
 8331.57468960   0.99992534  0.00021488 
 8331.57607850   0.99980844  0.00021488 
 8331.57746730   0.99991495  0.00021488 
 8331.57885620   0.99987905  0.00021488 
 8331.58024510   1.00010756  0.00021488 
 8331.58163390   0.99990755  0.00021488 
 8331.58302280   1.00008815  0.00021488 
 8331.58441170   1.00009875  0.00021488 
 8331.58580060   0.99986024  0.00021488 
 8331.58718940   1.00021993  0.00021488 
 8331.58857830   0.99993361  0.00021488 
 8331.58996720   1.00012380  0.00021488 
 8331.59135610   0.99970387  0.00021488 
 8331.59274490   1.00027056  0.00021488 
 8331.59413380   0.99975233  0.00021488 
 8331.59552270   0.99974911  0.00021488 
 8331.59691160   1.00009858  0.00021488 
 8331.59830040   1.00004835  0.00021488 
 8331.59968930   0.99996362  0.00021488 
 8331.60107820   1.00009278  0.00021488 
 8331.60246700   1.00015375  0.00021488 
 8331.60385590   0.99986670  0.00021488 
 8331.60524480   1.00010956  0.00021488 
 8331.60663370   1.00001012  0.00021488 
 8331.60802250   1.00008297  0.00021488 
 8331.60941140   1.00008732  0.00021488 
 8331.61080030   1.00020407  0.00021488 
 8331.61218920   0.99990141  0.00021488 
 8331.61357800   0.99994596  0.00021488 
 8331.61496690   0.99973359  0.00021488 
 8331.61635580   0.99962533  0.00021488 
 8331.61774470   1.00000047  0.00021488 
 8331.61913350   0.99996020  0.00021488 
 8331.62052240   0.99992493  0.00021488 
 8331.62191130   0.99999806  0.00021488 
 8331.62330020   1.00003569  0.00021488 
 8331.62468900   1.00008291  0.00021488 
 8331.62607790   0.99991343  0.00021488 
 8331.62746680   0.99987535  0.00021488 
 8331.63024450   1.00013028  0.00021488 
 8331.63163340   0.99990589  0.00021488 
 8331.63302230   0.99985150  0.00021488 
 8331.63441110   1.00009861  0.00021488 
 8331.63580000   0.99991811  0.00021488 
 8331.63718890   0.99976271  0.00021488 
 8331.63857780   0.99969700  0.00021488 
 8331.63996660   1.00018861  0.00021488 
 8331.64135550   1.00005300  0.00021488 
 8331.64274440   0.99988529  0.00021488 
 8331.64413330   1.00033189  0.00021488 
 8331.64552210   0.99966196  0.00021488 
 8331.64691100   0.99965674  0.00021488 
 8331.64829990   0.99978933  0.00021488 
 8331.64968870   0.99987521  0.00021488 
 8331.65107760   0.99991049  0.00021488 
 8331.65246650   0.99971276  0.00021488 
 8331.65385540   0.99959073  0.00021488 
 8331.65524420   1.00000901  0.00021488 
 8331.65663310   0.99995337  0.00021488 
 8331.65802200   1.00010854  0.00021488 
 8331.65941090   1.00027351  0.00021488 
 8331.66079970   1.00005766  0.00021488 
 8331.66218860   1.00001612  0.00021488 
 8331.66357750   0.99981107  0.00021488 
 8331.66496640   1.00005993  0.00021488 
 8331.66635520   0.99974457  0.00021488 
 8331.66774410   0.99986582  0.00021488 
 8331.66913300   0.99968956  0.00021488 
 8331.67191070   0.99996365  0.00021488 
 8331.67468850   1.00026053  0.00021488 
 8331.67607730   0.99983806  0.00021488 
 8331.67746620   1.00004809  0.00021488 
 8331.67885510   0.99970981  0.00021488 
 8331.68024400   0.99953573  0.00021488 
 8331.68163280   0.99993427  0.00021488 
 8331.68302170   0.99996699  0.00021488 
 8331.68441060   0.99994451  0.00021488 
 8331.68718830   1.00033025  0.00021488 
 8331.68857720   1.00003235  0.00021488 
 8331.68996610   0.99984815  0.00021488 
 8331.69135490   0.99992486  0.00021488 
 8331.69274380   0.99998827  0.00021488 
 8331.69413270   1.00010107  0.00021488 
 8331.69552160   1.00013837  0.00021488 
 8331.69691040   1.00002366  0.00021488 
 8331.69829930   1.00010906  0.00021488 
 8331.69968820   0.99988295  0.00021488 
 8331.70107710   1.00020454  0.00021488 
 8331.70246590   1.00014583  0.00021488 
 8331.70385480   1.00006621  0.00021488 
 8331.70524370   0.99999139  0.00021488 
 8331.70663260   1.00010557  0.00021488 
 8331.70802140   0.99986384  0.00021488 
 8331.70941030   0.99993992  0.00021488 
 8331.71079920   0.99985429  0.00021488 
 8331.71218800   1.00022847  0.00021488 
 8331.71357690   0.99986043  0.00021488 
 8331.71496580   0.99987599  0.00021488 
 8331.71635470   0.99965325  0.00021488 
 8331.71774350   0.99984011  0.00021488 
 8331.71913240   0.99956876  0.00021488 
 8331.72052130   0.99972992  0.00021488 
 8331.72191020   0.99968908  0.00021488 
 8331.72329900   0.99928641  0.00021488 
 8331.72468790   0.99970687  0.00021488 
 8331.72607680   0.99979902  0.00021488 
 8331.72746570   0.99982297  0.00021488 
 8331.72885450   0.99981411  0.00021488 
 8331.73024340   0.99971144  0.00021488 
 8331.73163230   0.99954837  0.00021488 
 8331.73302110   0.99971061  0.00021488 
 8331.73441000   0.99962574  0.00021488 
 8331.73579890   0.99964647  0.00021488 
 8331.73718780   0.99957319  0.00021488 
 8331.73857660   0.99970132  0.00021488 
 8331.73996550   0.99954073  0.00021488 
 8331.74135440   0.99940225  0.00021488 
 8331.74274330   0.99971837  0.00021488 
 8331.74413210   0.99954948  0.00021488 
 8331.74552100   0.99958789  0.00021488 
 8331.74690990   1.00014662  0.00021488 
 8331.74829880   0.99978121  0.00021488 
 8331.74968760   0.99963211  0.00021488 
 8331.75107650   0.99952521  0.00021488 
 8331.75246540   1.00025533  0.00021488 
 8331.75385420   0.99945541  0.00021488 
 8331.75524310   0.99992311  0.00021488 
 8331.75663200   0.99956080  0.00021488 
 8331.75802090   0.99963369  0.00021488 
 8331.75940970   0.99957957  0.00021488 
 8331.76079860   0.99968376  0.00021488 
 8331.76218750   0.99939313  0.00021488 
 8331.76357640   0.99958292  0.00021488 
 8331.76496520   1.00000291  0.00021488 
 8331.76635410   0.99984868  0.00021488 
 8331.76774300   0.99992795  0.00021488 
 8331.76913190   0.99996022  0.00021488 
 8331.77052070   0.99958218  0.00021488 
 8331.77190960   0.99980335  0.00021488 
 8331.77329850   0.99986281  0.00021488 
 8331.77468730   0.99989388  0.00021488 
 8331.77607620   0.99976193  0.00021488 
 8331.77746510   0.99942777  0.00021488 
 8331.77885400   0.99970424  0.00021488 
 8331.78024280   0.99990799  0.00021488 
 8331.78163170   1.00010024  0.00021488 
 8331.78302060   0.99976818  0.00021488 
 8331.78579830   0.99979106  0.00021488 
 8331.78718720   0.99980290  0.00021488 
 8331.78857610   0.99950843  0.00021488 
 8331.79135380   0.99959560  0.00021488 
 8331.79274270   0.99965093  0.00021488 
 8331.79413160   0.99981396  0.00021488 
 8331.79552040   0.99948937  0.00021488 
 8331.79690930   0.99930829  0.00021488 
 8331.79968710   0.99967763  0.00021488 
 8331.80107590   0.99982565  0.00021488 
 8331.80246480   0.99968116  0.00021488 
 8331.80385370   0.99942566  0.00021488 
 8331.80524260   0.99962187  0.00021488 
 8331.80663140   0.99933477  0.00021488 
 8331.80802030   0.99977548  0.00021488 
 8331.80940920   0.99955967  0.00021488 
 8331.81079810   0.99968267  0.00021488 
 8331.81218690   0.99983157  0.00021488 
 8331.81357580   0.99964016  0.00021488 
 8331.81496470   0.99972085  0.00021488 
 8331.81635350   0.99985184  0.00021488 
 8331.81774240   0.99965002  0.00021488 
 8331.81913130   0.99962350  0.00021488 
 8331.82052020   0.99959388  0.00021488 
 8331.82190900   0.99956086  0.00021488 
 8331.82329790   0.99958333  0.00021488 
 8331.82468680   0.99991261  0.00021488 
 8331.82607570   0.99997948  0.00021488 
 8331.82746450   1.00005605  0.00021488 
 8331.82885340   1.00004182  0.00021488 
 8331.83024230   0.99987368  0.00021488 
 8331.83163120   1.00002054  0.00021488 
 8331.83302000   1.00014840  0.00021488 
 8331.83440890   0.99997475  0.00021488 
 8331.83579780   1.00014821  0.00021488 
 8331.83718660   1.00002116  0.00021488 
 8331.84135330   0.99959598  0.00021488 
 8331.84274210   0.99976403  0.00021488 
 8331.84413100   1.00006417  0.00021488 
 8331.84551990   0.99991580  0.00021488 
 8331.84690880   1.00002844  0.00021488 
 8331.84829760   0.99998897  0.00021488 
 8331.84968650   1.00009120  0.00021488 
 8331.85107540   1.00009363  0.00021488 
 8331.85246430   1.00023065  0.00021488 
 8331.85385310   0.99978006  0.00021488 
 8331.85524200   0.99985268  0.00021488 
 8331.85663090   1.00011181  0.00021488 
 8331.85801970   1.00020082  0.00021488 
 8331.85940860   1.00017413  0.00021488 
 8331.86079750   0.99992444  0.00021488 
 8331.86218640   0.99961604  0.00021488 
 8331.86357520   1.00000925  0.00021488 
 8331.86496410   1.00002995  0.00021488 
 8331.86635300   0.99986245  0.00021488 
 8331.86774190   1.00002295  0.00021488 
 8331.86913070   1.00005334  0.00021488 
 8331.87051960   1.00032564  0.00021488 
 8331.87190850   1.00010442  0.00021488 
 8331.87329730   0.99963310  0.00021488 
 8331.87468620   1.00006859  0.00021488 
 8331.87607510   1.00017158  0.00021488 
 8331.87746400   1.00034616  0.00021488 
 8331.87885280   0.99979553  0.00021488 
 8331.88024170   0.99992540  0.00021488 
 8331.88163060   1.00007958  0.00021488 
 8331.88301950   0.99978974  0.00021488 
 8331.88440830   0.99971141  0.00021488 
 8331.88579720   0.99989978  0.00021488 
 8331.88718610   1.00017615  0.00021488 
 8331.88857500   0.99980700  0.00021488 
 8331.88996380   0.99983716  0.00021488 
 8331.89135270   1.00005012  0.00021488 
 8331.89274160   1.00036917  0.00021488 
 8331.89413040   1.00003662  0.00021488 
 8331.89551930   0.99991657  0.00021488 
 8331.89690820   0.99976671  0.00021488 
 8331.89829710   1.00010666  0.00021488 
 8331.89968590   0.99987469  0.00021488 
 8331.90107480   1.00014004  0.00021488 
 8331.90246370   0.99997147  0.00021488 
 8331.90385260   1.00013250  0.00021488 
 8331.90524140   1.00007543  0.00021488 
 8331.90663030   0.99985896  0.00021488 
 8331.90801920   1.00031439  0.00021488 
 8331.90940810   0.99974871  0.00021488 
 8331.91079690   0.99996133  0.00021488 
 8331.91218580   0.99983945  0.00021488 
 8331.91357470   1.00002827  0.00021488 
 8331.91496350   0.99981568  0.00021488 
 8331.91635240   1.00017699  0.00021488 
 8331.91774130   1.00045141  0.00021488 
 8331.91913020   1.00026241  0.00021488 
 8331.92051900   1.00037912  0.00021488 
 8331.92329680   1.00008171  0.00021488 
 8331.92468570   1.00007891  0.00021488 
 8331.92607450   1.00024521  0.00021488 
 8331.92885230   1.00002849  0.00021488 
 8331.93024120   0.99991107  0.00021488 
 8331.93163000   0.99980926  0.00021488 
 8331.93301890   0.99992924  0.00021488 
 8331.93440780   1.00025602  0.00021488 
 8331.93579660   0.99977449  0.00021488 
 8331.93718550   0.99975657  0.00021488 
 8331.93857440   1.00022034  0.00021488 
 8331.93996330   0.99991871  0.00021488 
 8331.94135210   1.00025318  0.00021488 
 8331.94274100   0.99989514  0.00021488 
 8331.94412990   0.99959601  0.00021488 
 8331.94551880   0.99983757  0.00021488 
 8331.94690760   0.99977932  0.00021488 
 8331.94829650   0.99993788  0.00021488 
 8331.94968540   0.99982803  0.00021488 
 8331.95107420   0.99979698  0.00021488 
 8331.95246310   1.00003343  0.00021488 
 8331.95385200   1.00019688  0.00021488 
 8331.95524090   1.00010782  0.00021488 
 8331.95662970   1.00003706  0.00021488 
 8331.95801860   1.00001540  0.00021488 
 8331.95940750   1.00010464  0.00021488 
 8331.96079640   1.00022997  0.00021488 
 8331.96218520   1.00005660  0.00021488 
 8331.96357410   0.99989073  0.00021488 
 8331.96496300   1.00005925  0.00021488 
 8331.96635190   0.99998708  0.00021488 
 8331.96774070   1.00009050  0.00021488 
 8331.96912960   1.00029292  0.00021488 
 8331.97190730   1.00004425  0.00021488 
 8331.97329620   0.99982186  0.00021488 
 8331.97468510   0.99964497  0.00021488 
 8331.97607400   0.99986007  0.00021488 
 8331.97746280   1.00005638  0.00021488 
 8331.97885170   0.99983668  0.00021488 
 8331.98024060   0.99989228  0.00021488 
 8331.98301830   1.00037337  0.00021488 
 8331.98440720   1.00013416  0.00021488 
 8331.98579610   0.99974285  0.00021488 
 8331.98718500   0.99999894  0.00021488 
 8331.98857380   0.99995022  0.00021488 
 8331.98996270   1.00010460  0.00021488 
 8331.99135160   1.00001998  0.00021488 
 8331.99274040   0.99993616  0.00021488 
 8331.99412930   0.99996664  0.00021488 
 8331.99551820   1.00021401  0.00021488 
 8331.99690710   1.00004678  0.00021488 
 8331.99829590   0.99995475  0.00021488 
 8331.99968480   1.00022521  0.00021488 
 8332.00107370   1.00015187  0.00021488 
 8332.00246260   0.99987634  0.00021488 
 8332.00385140   0.99985729  0.00021488 
 8332.00662920   0.99969330  0.00021488 
 8332.00940690   1.00011260  0.00021488 
 8332.01079580   1.00041504  0.00021488 
 8332.01218470   1.00004869  0.00021488 
 8332.01357350   1.00029202  0.00021488 
 8332.01496240   1.00028956  0.00021488 
 8332.01635130   0.99980081  0.00021488 
 8332.01774020   0.99996424  0.00021488 
 8332.01912900   0.99996157  0.00021488 
 8332.02051790   0.99980890  0.00021488 
 8332.02190680   0.99974613  0.00021488 
 8332.02329570   0.99998665  0.00021488 
 8332.02468450   1.00011066  0.00021488 
 8332.02607340   1.00001938  0.00021488 
 8332.02746230   0.99978991  0.00021488 
 8332.02885110   1.00024111  0.00021488 
 8332.03024000   0.99999123  0.00021488 
 8332.03162890   1.00042793  0.00021488 
 8332.03301780   0.99976565  0.00021488 
 8332.03440660   1.00014954  0.00021488 
 8332.03579550   0.99985495  0.00021488 
 8332.03718440   0.99984395  0.00021488 
 8332.03996210   0.99972044  0.00021488 
 8332.04135100   0.99992493  0.00021488 
 8332.04273990   1.00001502  0.00021488 
 8332.04412880   0.99973901  0.00021488 
 8332.04551760   0.99970050  0.00021488 
 8332.04690650   0.99993368  0.00021488 
 8332.04829540   0.99987126  0.00021488 
 8332.04968420   0.99983453  0.00021488 
 8332.05107310   0.99990851  0.00021488 
 8332.05246200   0.99999688  0.00021488 
 8332.05385090   0.99994955  0.00021488 
 8332.05523970   1.00016511  0.00021488 
 8332.05662860   1.00007898  0.00021488 
 8332.05801750   1.00047743  0.00021488 
 8332.05940640   1.00018830  0.00021488 
 8332.06079520   0.99992636  0.00021488 
 8332.06218410   0.99979902  0.00021488 
 8337.74820480   0.99976312  0.00021488 
 8337.74959360   0.99993849  0.00021488 
 8337.75098250   1.00020375  0.00021488 
 8337.75237140   0.99988078  0.00021488 
 8337.75376020   1.00016882  0.00021488 
 8337.75514910   0.99975375  0.00021488 
 8337.75653800   1.00005758  0.00021488 
 8337.75792680   1.00043078  0.00021488 
 8337.75931570   0.99989762  0.00021488 
 8337.76070460   0.99987717  0.00021488 
 8337.76209340   1.00001839  0.00021488 
 8337.76348230   0.99984755  0.00021488 
 8337.76487120   0.99995106  0.00021488 
 8337.76626000   0.99981100  0.00021488 
 8337.76764890   0.99986691  0.00021488 
 8337.76903770   1.00026736  0.00021488 
 8337.77042660   1.00028936  0.00021488 
 8337.77181550   1.00024776  0.00021488 
 8337.77320430   0.99987270  0.00021488 
 8337.77598210   0.99995875  0.00021488 
 8337.77737090   0.99957397  0.00021488 
 8337.77875980   0.99965722  0.00021488 
 8337.78014870   0.99992454  0.00021488 
 8337.78153750   0.99968632  0.00021488 
 8337.78292640   0.99967986  0.00021488 
 8337.78431530   0.99965510  0.00021488 
 8337.78570410   0.99994270  0.00021488 
 8337.78709300   0.99988723  0.00021488 
 8337.78848190   0.99986665  0.00021488 
 8337.78987070   1.00008943  0.00021488 
 8337.79125960   0.99993985  0.00021488 
 8337.79264840   1.00018882  0.00021488 
 8337.79403730   1.00028680  0.00021488 
 8337.79542620   1.00072344  0.00021488 
 8337.79681500   1.00047874  0.00021488 
 8337.79820390   1.00037273  0.00021488 
 8337.79959280   1.00062226  0.00021488 
 8337.80375940   1.00038545  0.00021488 
 8337.80514820   1.00020120  0.00021488 
 8337.80653710   0.99990617  0.00021488 
 8337.80792590   1.00029225  0.00021488 
 8337.80931480   1.00002490  0.00021488 
 8337.81070370   1.00046387  0.00021488 
 8337.81209250   0.99998452  0.00021488 
 8337.81348140   0.99993142  0.00021488 
 8337.81487030   0.99992832  0.00021488 
 8337.81625910   0.99963133  0.00021488 
 8337.81764800   1.00004687  0.00021488 
 8337.81903690   0.99965488  0.00021488 
 8337.82042570   1.00001082  0.00021488 
 8337.82181460   1.00031475  0.00021488 
 8337.82320350   1.00011562  0.00021488 
 8337.82459230   1.00008987  0.00021488 
 8337.82598120   1.00005341  0.00021488 
 8337.82875890   0.99980300  0.00021488 
 8337.83014780   0.99998180  0.00021488 
 8337.83153660   1.00008891  0.00021488 
 8337.85098070   0.99986414  0.00021488 
 8337.85236960   0.99971256  0.00021488 
 8337.85375850   0.99995536  0.00021488 
 8337.85514730   0.99983707  0.00021488 
 8337.85653620   1.00008035  0.00021488 
 8337.85792510   0.99989375  0.00021488 
 8337.85931390   0.99987363  0.00021488 
 8337.86070280   0.99984821  0.00021488 
 8337.86209170   0.99994218  0.00021488 
 8337.86348050   0.99983495  0.00021488 
 8337.86486940   0.99997670  0.00021488 
 8337.86625820   1.00008084  0.00021488 
 8337.86764710   0.99973061  0.00021488 
 8337.86903600   0.99968825  0.00021488 
 8337.87042480   0.99972947  0.00021488 
 8337.87181370   0.99988119  0.00021488 
 8337.87320260   0.99993560  0.00021488 
 8337.87459140   0.99977033  0.00021488 
 8337.87598030   0.99987712  0.00021488 
 8337.87736920   0.99999552  0.00021488 
 8337.87875800   1.00016300  0.00021488 
 8337.88014690   1.00004409  0.00021488 
 8337.88153570   1.00010957  0.00021488 
 8337.88292460   1.00024533  0.00021488 
 8337.88431350   0.99990232  0.00021488 
 8337.88570230   1.00000957  0.00021488 
 8337.88709120   1.00033741  0.00021488 
 8337.88848010   0.99987077  0.00021488 
 8337.88986890   0.99986931  0.00021488 
 8337.89125780   1.00005054  0.00021488 
 8337.89264670   1.00007926  0.00021488 
 8337.89403550   1.00006548  0.00021488 
 8337.89542440   0.99980381  0.00021488 
 8337.89681330   1.00015140  0.00021488 
 8337.89820210   0.99986541  0.00021488 
 8337.89959100   0.99947162  0.00021488 
 8337.90097980   0.99996519  0.00021488 
 8337.90236870   0.99977358  0.00021488 
 8337.90375760   1.00004194  0.00021488 
 8337.90514640   1.00004781  0.00021488 
 8337.90653530   1.00027296  0.00021488 
 8337.90792420   0.99986163  0.00021488 
 8337.90931300   0.99960259  0.00021488 
 8337.91070190   0.99984272  0.00021488 
 8337.91209080   0.99966276  0.00021488 
 8337.91347960   0.99993938  0.00021488 
 8337.91486850   0.99985321  0.00021488 
 8337.91625730   0.99989962  0.00021488 
 8337.91764620   1.00002713  0.00021488 
 8337.91903510   1.00003573  0.00021488 
 8337.92042390   1.00010622  0.00021488 
 8337.92181280   1.00018281  0.00021488 
 8337.92320170   0.99979870  0.00021488 
 8337.92459050   0.99998927  0.00021488 
 8337.92597940   0.99951556  0.00021488 
 8337.92736830   0.99976671  0.00021488 
 8337.92875710   0.99971357  0.00021488 
 8337.93014600   1.00004761  0.00021488 
 8337.93153490   1.00019255  0.00021488 
 8337.93292370   1.00016099  0.00021488 
 8337.93431260   1.00017232  0.00021488 
 8337.93570140   0.99995115  0.00021488 
 8337.93709030   0.99998626  0.00021488 
 8337.93847920   1.00011787  0.00021488 
 8337.93986800   0.99993548  0.00021488 
 8337.94125690   0.99974698  0.00021488 
 8337.94264580   0.99988667  0.00021488 
 8337.94403460   1.00009415  0.00021488 
 8337.94542350   1.00006793  0.00021488 
 8337.94681240   1.00014460  0.00021488 
 8337.94820120   1.00007186  0.00021488 
 8337.94959010   1.00006822  0.00021488 
 8337.95097890   1.00008457  0.00021488 
 8337.95236780   1.00005852  0.00021488 
 8337.95375670   1.00014726  0.00021488 
 8337.95514550   1.00012709  0.00021488 
 8337.95653440   0.99979932  0.00021488 
 8337.95792330   0.99976984  0.00021488 
 8337.95931210   0.99981485  0.00021488 
 8337.96070100   0.99976986  0.00021488 
 8337.96208990   1.00010445  0.00021488 
 8337.96347870   1.00011975  0.00021488 
 8337.96486760   0.99984884  0.00021488 
 8337.96625640   0.99996602  0.00021488 
 8337.96764530   1.00005129  0.00021488 
 8337.96903420   1.00024935  0.00021488 
 8337.97042300   1.00007331  0.00021488 
 8337.97181190   0.99989487  0.00021488 
 8337.97320080   0.99968602  0.00021488 
 8337.97458960   1.00015026  0.00021488 
 8337.97597850   0.99983449  0.00021488 
 8337.97736740   0.99972312  0.00021488 
 8337.97875620   0.99987804  0.00021488 
 8337.98014510   0.99986216  0.00021488 
 8337.98153400   1.00012596  0.00021488 
 8337.98292280   1.00001026  0.00021488 
 8337.98431170   0.99999046  0.00021488 
 8337.98570050   0.99958705  0.00021488 
 8337.98708940   0.99977783  0.00021488 
 8337.98847830   1.00000700  0.00021488 
 8337.98986710   0.99971938  0.00021488 
 8337.99125600   0.99995424  0.00021488 
 8337.99264490   1.00018689  0.00021488 
 8337.99403370   0.99985674  0.00021488 
 8337.99542260   1.00002598  0.00021488 
 8337.99681150   0.99987292  0.00021488 
 8337.99820030   0.99981315  0.00021488 
 8337.99958920   0.99994277  0.00021488 
 8338.00097800   0.99983539  0.00021488 
 8338.00236690   0.99981810  0.00021488 
 8338.00375580   0.99953450  0.00021488 
 8338.00514460   0.99987280  0.00021488 
 8338.00653350   0.99956959  0.00021488 
 8338.00792240   0.99961837  0.00021488 
 8338.00931120   0.99954465  0.00021488 
 8338.01070010   0.99963972  0.00021488 
 8338.01208900   0.99969619  0.00021488 
 8338.01347780   0.99965034  0.00021488 
 8338.01486670   0.99974809  0.00021488 
 8338.01625550   0.99983654  0.00021488 
 8338.01764440   0.99995568  0.00021488 
 8338.01903330   1.00001741  0.00021488 
 8338.02042210   0.99998893  0.00021488 
 8338.02181100   0.99975455  0.00021488 
 8338.02319990   0.99966176  0.00021488 
 8338.02458870   0.99969087  0.00021488 
 8338.02597760   0.99965787  0.00021488 
 8338.02736650   0.99959526  0.00021488 
 8338.02875530   0.99997864  0.00021488 
 8338.03014420   0.99982782  0.00021488 
 8338.03153300   1.00008610  0.00021488 
 8338.03292190   0.99994846  0.00021488 
 8338.03431080   0.99990682  0.00021488 
 8338.03569960   0.99972008  0.00021488 
 8338.03708850   0.99978522  0.00021488 
 8338.03847740   0.99975376  0.00021488 
 8338.03986620   0.99969369  0.00021488 
 8338.04125510   0.99983502  0.00021488 
 8338.04264400   0.99963134  0.00021488 
 8338.04403280   0.99948686  0.00021488 
 8338.04542170   0.99959066  0.00021488 
 8338.04681050   0.99966866  0.00021488 
 8338.04819940   0.99992166  0.00021488 
 8338.04958830   0.99999834  0.00021488 
 8338.05097710   0.99959183  0.00021488 
 8338.05236600   0.99986770  0.00021488 
 8338.05375490   0.99974497  0.00021488 
 8338.05514370   0.99989663  0.00021488 
 8338.05653260   0.99999118  0.00021488 
 8338.05792150   0.99988133  0.00021488 
 8338.05931030   0.99993797  0.00021488 
 8338.06069920   0.99997531  0.00021488 
 8338.06208800   0.99996344  0.00021488 
 8338.06347690   0.99976216  0.00021488 
 8338.06486580   0.99984008  0.00021488 
 8338.06625460   1.00010508  0.00021488 
 8338.06764350   0.99971369  0.00021488 
 8338.06903240   1.00004108  0.00021488 
 8338.07042120   0.99993247  0.00021488 
 8338.07181010   0.99994166  0.00021488 
 8338.07319900   1.00005173  0.00021488 
 8338.07458780   0.99990930  0.00021488 
 8338.07597670   0.99985277  0.00021488 
 8338.07736550   0.99956152  0.00021488 
 8338.07875440   0.99989377  0.00021488 
 8338.08014330   0.99993882  0.00021488 
 8338.08153210   0.99980095  0.00021488 
 8338.08292100   0.99968299  0.00021488 
 8338.08430990   0.99988701  0.00021488 
 8338.08569870   0.99954643  0.00021488 
 8338.08708760   0.99969064  0.00021488 
 8338.08847640   0.99985874  0.00021488 
 8338.08986530   0.99976424  0.00021488 
 8338.09125420   1.00013403  0.00021488 
 8338.09264300   1.00011531  0.00021488 
 8338.09403190   0.99999829  0.00021488 
 8338.09542080   0.99998566  0.00021488 
 8338.09680960   0.99982753  0.00021488 
 8338.09819850   0.99984719  0.00021488 
 8338.09958740   0.99971724  0.00021488 
 8338.10097620   1.00014418  0.00021488 
 8338.10236510   1.00016122  0.00021488 
 8338.10375390   1.00043795  0.00021488 
 8338.10514280   1.00007788  0.00021488 
 8338.10653170   1.00001210  0.00021488 
 8338.10792050   0.99993262  0.00021488 
 8338.10930940   0.99986112  0.00021488 
 8338.11069830   1.00020152  0.00021488 
 8338.11208710   1.00026251  0.00021488 
 8338.11347600   0.99980330  0.00021488 
 8338.11486490   1.00031898  0.00021488 
 8338.11625370   1.00048865  0.00021488 
 8338.11764260   0.99992862  0.00021488 
 8338.11903140   0.99979759  0.00021488 
 8338.12042030   1.00018274  0.00021488 
 8338.12180920   1.00021478  0.00021488 
 8338.12319800   1.00024082  0.00021488 
 8338.12458690   1.00021416  0.00021488 
 8338.12597580   1.00016009  0.00021488 
 8338.12736460   1.00031520  0.00021488 
 8338.12875350   1.00017552  0.00021488 
 8338.13014240   1.00015013  0.00021488 
 8338.13153120   1.00037783  0.00021488 
 8338.13292010   1.00022903  0.00021488 
 8338.13430890   1.00008142  0.00021488 
 8338.13569780   1.00030309  0.00021488 
 8338.13708670   0.99997198  0.00021488 
 8338.13847550   1.00015564  0.00021488 
 8338.13986440   0.99986611  0.00021488 
 8338.14125330   0.99994006  0.00021488 
 8338.14264210   0.99991441  0.00021488 
 8338.14403100   0.99953366  0.00021488 
 8338.14541980   0.99981600  0.00021488 
 8338.14680870   1.00040291  0.00021488 
 8338.14819760   0.99987745  0.00021488 
 8338.14958640   1.00029666  0.00021488 
 8338.15097530   0.99978368  0.00021488 
 8338.15236420   1.00009087  0.00021488 
 8338.15375300   0.99993097  0.00021488 
 8338.15514190   0.99993866  0.00021488 
 8338.15653080   0.99973055  0.00021488 
 8338.15791960   0.99977183  0.00021488 
 8338.15930850   1.00018129  0.00021488 
 8338.16069730   1.00007546  0.00021488 
 8338.16208620   1.00029801  0.00021488 
 8338.16347510   1.00023886  0.00021488 
 8338.16486390   1.00016731  0.00021488 
 8338.16625280   1.00010575  0.00021488 
 8338.16764170   0.99972949  0.00021488 
 8338.16903050   0.99940623  0.00021488 
 8338.17041940   0.99990413  0.00021488 
 8338.17180820   1.00023443  0.00021488 
 8338.17319710   1.00003374  0.00021488 
 8338.17458600   1.00002594  0.00021488 
 8338.17597480   1.00029353  0.00021488 
 8338.17736370   0.99997242  0.00021488 
 8338.17875260   1.00034289  0.00021488 
 8338.18014140   1.00029866  0.00021488 
 8338.18153030   1.00009624  0.00021488 
 8338.18291920   1.00010310  0.00021488 
 8338.18430800   0.99982616  0.00021488 
 8338.18569690   0.99994140  0.00021488 
 8338.18708570   1.00014384  0.00021488 
 8338.18847460   1.00008207  0.00021488 
 8338.18986350   0.99993520  0.00021488 
 8338.19125230   1.00030921  0.00021488 
 8338.19264120   0.99979114  0.00021488 
 8338.19403010   0.99977055  0.00021488 
 8338.19541890   1.00027453  0.00021488 
 8338.19680780   1.00030803  0.00021488 
 8338.19819660   1.00030031  0.00021488 
 8338.19958550   1.00020650  0.00021488 
 8338.20097440   1.00001268  0.00021488 
 8338.20236320   0.99982106  0.00021488 
 8338.20375210   1.00004261  0.00021488 
 8338.20514100   0.99990827  0.00021488 
 8338.20652980   0.99972723  0.00021488 
 8338.20791870   0.99996226  0.00021488 
 8338.20930760   0.99978010  0.00021488 
 8338.21069640   1.00026681  0.00021488 
 8338.21208530   1.00017694  0.00021488 
 8338.21347410   0.99991696  0.00021488 
 8338.21486300   1.00029985  0.00021488 
 8338.21625190   0.99993098  0.00021488 
 8338.21764070   0.99991007  0.00021488 
 8338.21902960   0.99983287  0.00021488 
 8338.22041850   1.00019003  0.00021488 
 8338.22180730   0.99999952  0.00021488 
 8338.22319620   1.00026177  0.00021488 
 8338.22458500   1.00028714  0.00021488 
 8338.22597390   0.99984752  0.00021488 
 8338.22736280   1.00015455  0.00021488 
 8338.22875160   1.00010370  0.00021488 
 8338.23014050   0.99997734  0.00021488 
 8338.23152940   0.99995487  0.00021488 
 8338.23291820   0.99991380  0.00021488 
 8338.23430710   0.99998941  0.00021488 
 8338.23569600   1.00015042  0.00021488 
 8338.23708480   0.99992673  0.00021488 
 8338.23847370   0.99973715  0.00021488 
 8338.23986250   0.99986403  0.00021488 
 8338.24125140   0.99988951  0.00021488 
 8338.24264030   0.99997509  0.00021488 
 8338.24402910   1.00009505  0.00021488 
 8338.24541800   1.00006372  0.00021488 
 8338.24680690   1.00003338  0.00021488 
 8338.24819570   0.99984104  0.00021488 
 8338.24958460   0.99973170  0.00021488 
 8338.25097340   0.99999322  0.00021488 
 8338.25236230   1.00012644  0.00021488 
 8338.25375120   0.99967700  0.00021488 
 8338.25514000   0.99984231  0.00021488 
 8338.25652890   0.99997981  0.00021488 
 8338.25791780   1.00022580  0.00021488 
 8338.25930660   0.99997232  0.00021488 
 8338.26069550   1.00019979  0.00021488 
 8338.26208430   0.99975092  0.00021488 
 8338.26347320   1.00008177  0.00021488 
 8338.26486210   1.00000135  0.00021488 
 8338.26625090   0.99998552  0.00021488 
 8338.26763980   0.99985919  0.00021488 
 8338.26902870   1.00040880  0.00021488 
 8338.27041750   1.00038105  0.00021488 
 8338.27180640   1.00003172  0.00021488 
 8338.27319530   1.00002835  0.00021488 
 8338.27458410   0.99980480  0.00021488 
 8338.27597300   1.00008780  0.00021488 
 8338.27736180   0.99969085  0.00021488 
 8338.27875070   0.99974116  0.00021488 
 8338.28013960   0.99983025  0.00021488 
 8338.28152840   1.00011892  0.00021488 
 8338.28291730   1.00004971  0.00021488 
 8338.28430620   1.00004419  0.00021488 
 8338.28569500   0.99985479  0.00021488 
 8338.28708390   1.00007004  0.00021488 
 8338.28847270   0.99969224  0.00021488 
 8338.28986160   1.00008505  0.00021488 
 8338.29125050   1.00007271  0.00021488 
 8338.29263930   1.00004045  0.00021488 
 8338.29402820   0.99998949  0.00021488 
 8338.29541710   0.99990843  0.00021488 
 8338.29680590   1.00010473  0.00021488 
 8338.29819480   1.00005366  0.00021488 
 8338.29958360   1.00026584  0.00021488 
 8338.30097250   1.00012896  0.00021488 
 8338.30236140   0.99995118  0.00021488 
 8338.30375020   1.00016745  0.00021488 
 8338.30513910   0.99996775  0.00021488 
 8338.30652800   0.99999713  0.00021488 
 8338.30791680   1.00030106  0.00021488 
 8338.30930570   0.99981209  0.00021488 
 8338.31069450   0.99996223  0.00021488 
 8338.31208340   1.00012506  0.00021488 
 8338.31347230   1.00013900  0.00021488 
 8338.31486110   0.99999016  0.00021488 
 8338.31625000   0.99969123  0.00021488 
 8338.31763890   1.00001891  0.00021488 
 8338.31902770   1.00018871  0.00021488 
 8338.32041660   0.99993485  0.00021488 
 8338.32180540   0.99985407  0.00021488 
 8338.32319430   0.99990846  0.00021488 
 8338.32458320   0.99986676  0.00021488 
 8338.32597200   1.00022030  0.00021488 
 8338.32736090   0.99989342  0.00021488 
 8338.32874980   0.99966823  0.00021488 
 8344.01337290   0.99954415  0.00021488 
 8344.01476170   1.00000375  0.00021488 
 8344.01615060   1.00006433  0.00021488 
 8344.01753950   0.99971221  0.00021488 
 8344.01892830   0.99988469  0.00021488 
 8344.02031720   1.00021559  0.00021488 
 8344.02170610   1.00005817  0.00021488 
 8344.02309490   0.99983844  0.00021488 
 8344.02448380   0.99969192  0.00021488 
 8344.02587270   0.99960271  0.00021488 
 8344.02726150   0.99971129  0.00021488 
 8344.02865040   1.00011719  0.00021488 
 8344.03003930   1.00000027  0.00021488 
 8344.03142810   1.00023816  0.00021488 
 8344.03281700   1.00019085  0.00021488 
 8344.03420590   1.00018023  0.00021488 
 8344.03559470   0.99954540  0.00021488 
 8344.03698360   0.99995530  0.00021488 
 8344.03837250   0.99997188  0.00021488 
 8344.03976130   1.00073569  0.00021488 
 8344.04115020   1.00009626  0.00021488 
 8344.04253910   1.00014675  0.00021488 
 8344.04392790   1.00007673  0.00021488 
 8344.04531680   1.00005592  0.00021488 
 8344.04670570   0.99991540  0.00021488 
 8344.04809450   1.00005739  0.00021488 
 8344.04948340   1.00021848  0.00021488 
 8344.05087230   0.99985566  0.00021488 
 8344.05226110   0.99999365  0.00021488 
 8344.05365000   0.99964983  0.00021488 
 8344.05503890   0.99995143  0.00021488 
 8344.05642770   0.99967641  0.00021488 
 8344.05781660   1.00010261  0.00021488 
 8344.05920540   0.99982929  0.00021488 
 8344.06059430   1.00021449  0.00021488 
 8344.06198320   0.99987567  0.00021488 
 8344.06337200   1.00043467  0.00021488 
 8344.06476090   0.99994335  0.00021488 
 8344.06614980   1.00021364  0.00021488 
 8344.06753860   1.00013463  0.00021488 
 8344.06892750   1.00020172  0.00021488 
 8344.07031640   1.00010441  0.00021488 
 8344.07170520   1.00025330  0.00021488 
 8344.07309410   0.99984019  0.00021488 
 8344.07448300   1.00043549  0.00021488 
 8344.07587180   1.00009397  0.00021488 
 8344.07726070   1.00012326  0.00021488 
 8344.07864960   0.99998885  0.00021488 
 8344.08003840   1.00046025  0.00021488 
 8344.08142730   1.00008134  0.00021488 
 8344.08281620   0.99994293  0.00021488 
 8344.08420500   1.00001732  0.00021488 
 8344.08559390   1.00006071  0.00021488 
 8344.08698280   1.00016491  0.00021488 
 8344.08837160   0.99987270  0.00021488 
 8344.08976050   0.99982909  0.00021488 
 8344.09114940   0.99995078  0.00021488 
 8344.09253820   1.00014958  0.00021488 
 8344.09392710   0.99996607  0.00021488 
 8344.09531600   0.99984496  0.00021488 
 8344.09670480   1.00016966  0.00021488 
 8344.09809370   0.99975175  0.00021488 
 8344.09948260   0.99978654  0.00021488 
 8344.10087140   0.99980204  0.00021488 
 8344.10226030   0.99984333  0.00021488 
 8344.10364920   1.00007713  0.00021488 
 8344.10503800   1.00023332  0.00021488 
 8344.10642690   0.99943681  0.00021488 
 8344.10781580   0.99967131  0.00021488 
 8344.10920460   1.00013741  0.00021488 
 8344.11059350   0.99987740  0.00021488 
 8344.11198240   1.00007540  0.00021488 
 8344.11337120   1.00048309  0.00021488 
 8344.11476010   0.99990969  0.00021488 
 8344.11614890   0.99985458  0.00021488 
 8344.11753780   0.99985938  0.00021488 
 8344.11892670   1.00030668  0.00021488 
 8344.12031550   1.00028117  0.00021488 
 8344.12170440   1.00011037  0.00021488 
 8344.12309330   1.00030097  0.00021488 
 8344.12448210   0.99973837  0.00021488 
 8344.12587100   0.99979136  0.00021488 
 8344.12725990   0.99982666  0.00021488 
 8344.12864870   1.00004986  0.00021488 
 8344.13003760   0.99970846  0.00021488 
 8344.13142650   1.00017765  0.00021488 
 8344.13281530   0.99984435  0.00021488 
 8344.13420420   1.00001015  0.00021488 
 8344.13559310   1.00019175  0.00021488 
 8344.13698190   1.00040405  0.00021488 
 8344.13837080   1.00021795  0.00021488 
 8344.13975970   1.00025684  0.00021488 
 8344.14114850   1.00061154  0.00021488 
 8344.14253740   0.99979875  0.00021488 
 8344.14392630   0.99965015  0.00021488 
 8344.14531510   1.00012624  0.00021488 
 8344.14670400   0.99979295  0.00021488 
 8344.14809290   0.99958725  0.00021488 
 8344.14948170   1.00000335  0.00021488 
 8344.15087060   0.99984835  0.00021488 
 8344.15225950   0.99968305  0.00021488 
 8344.15364830   0.99984145  0.00021488 
 8344.15503720   0.99972475  0.00021488 
 8344.15642610   0.99956256  0.00021488 
 8344.15781490   1.00041485  0.00021488 
 8344.15920380   1.00004865  0.00021488 
 8344.16059270   1.00001266  0.00021488 
 8344.16198150   1.00001346  0.00021488 
 8344.16337040   1.00028336  0.00021488 
 8344.16475930   1.00026766  0.00021488 
 8344.16614810   1.00016646  0.00021488 
 8344.16753700   1.00004107  0.00021488 
 8344.16892590   0.99979118  0.00021488 
 8344.17031470   0.99965508  0.00021488 
 8344.17170360   1.00020598  0.00021488 
 8344.17309240   1.00019058  0.00021488 
 8344.17448130   1.00009489  0.00021488 
 8344.17587020   1.00012209  0.00021488 
 8344.17725900   1.00054159  0.00021488 
 8344.17864790   1.00007160  0.00021488 
 8344.18003680   0.99997960  0.00021488 
 8344.18142560   0.99955772  0.00021488 
 8344.18281450   0.99973272  0.00021488 
 8344.18420340   0.99990892  0.00021488 
 8344.18559220   0.99987733  0.00021488 
 8344.18698110   1.00019873  0.00021488 
 8344.18837000   0.99988914  0.00021488 
 8344.18975880   1.00063933  0.00021488 
 8344.19114770   1.00021294  0.00021488 
 8344.19253660   1.00002525  0.00021488 
 8344.19392540   0.99976006  0.00021488 
 8344.19531430   1.00030986  0.00021488 
 8344.19670320   0.99974798  0.00021488 
 8344.19809200   1.00003798  0.00021488 
 8344.19948090   1.00021098  0.00021488 
 8344.20086980   0.99995640  0.00021488 
 8344.20225860   1.00007240  0.00021488 
 8344.20364750   1.00025530  0.00021488 
 8344.20503640   0.99988622  0.00021488 
 8344.20642520   1.00003402  0.00021488 
 8344.20781410   0.99977354  0.00021488 
 8344.20920300   0.99990184  0.00021488 
 8344.21059180   0.99997825  0.00021488 
 8344.21198070   1.00007286  0.00021488 
 8344.21336960   0.99979267  0.00021488 
 8344.21475840   0.99988958  0.00021488 
 8344.21614730   1.00004039  0.00021488 
 8344.21753620   1.00016879  0.00021488 
 8344.21892500   0.99965142  0.00021488 
 8344.22031390   0.99997822  0.00021488 
 8344.22170280   1.00006272  0.00021488 
 8344.22309160   0.99960695  0.00021488 
 8344.22448050   0.99966716  0.00021488 
 8344.22586930   1.00008795  0.00021488 
 8344.22725820   0.99936859  0.00021488 
 8344.22864710   1.00013168  0.00021488 
 8344.23003590   0.99997479  0.00021488 
 8344.23142480   0.99977041  0.00021488 
 8344.23281370   0.99982672  0.00021488 
 8344.23420250   0.99965354  0.00021488 
 8344.23559140   1.00004274  0.00021488 
 8344.23698030   1.00003995  0.00021488 
 8344.23836910   1.00025385  0.00021488 
 8344.23975800   1.00023877  0.00021488 
 8344.24114690   0.99990429  0.00021488 
 8344.24253570   1.00019739  0.00021488 
 8344.24392460   1.00009271  0.00021488 
 8344.24531350   1.00018562  0.00021488 
 8344.24670230   0.99971645  0.00021488 
 8344.24809120   0.99998955  0.00021488 
 8344.24948010   0.99977997  0.00021488 
 8344.25086890   0.99980599  0.00021488 
 8344.25225780   0.99949241  0.00021488 
 8344.25364670   0.99948333  0.00021488 
 8344.25503550   0.99956844  0.00021488 
 8344.25642440   0.99946836  0.00021488 
 8344.25781330   0.99953397  0.00021488 
 8344.25920210   0.99970538  0.00021488 
 8344.26059100   0.99979419  0.00021488 
 8344.26197990   1.00009919  0.00021488 
 8344.26475760   0.99990043  0.00021488 
 8344.26614650   0.99991235  0.00021488 
 8344.26753530   0.99999366  0.00021488 
 8344.27031310   0.99974411  0.00021488 
 8344.27170190   0.99952843  0.00021488 
 8344.27309080   0.99981664  0.00021488 
 8344.27447970   0.99986995  0.00021488 
 8344.27586850   0.99977617  0.00021488 
 8344.27725740   0.99985129  0.00021488 
 8344.27864620   0.99945552  0.00021488 
 8344.28003510   0.99962423  0.00021488 
 8344.28142400   0.99958055  0.00021488 
 8344.28420170   0.99993467  0.00021488 
 8344.28559060   0.99937932  0.00021488 
 8344.28697940   0.99936844  0.00021488 
 8344.28836830   1.00015042  0.00021488 
 8344.28975720   0.99961636  0.00021488 
 8344.29114600   1.00028665  0.00021488 
 8344.29253490   0.99948681  0.00021488 
 8344.29392380   0.99988261  0.00021488 
 8344.29531260   1.00043770  0.00021488 
 8344.29670150   1.00002534  0.00021488 
 8344.29809040   0.99986947  0.00021488 
 8344.29947920   0.99949581  0.00021488 
 8344.30086810   0.99999190  0.00021488 
 8344.30225700   0.99983253  0.00021488 
 8344.30503470   0.99958229  0.00021488 
 8344.30642360   0.99986459  0.00021488 
 8344.30781240   0.99974062  0.00021488 
 8344.30920130   0.99966535  0.00021488 
 8344.31059020   0.99927239  0.00021488 
 8344.31197900   0.99975479  0.00021488 
 8344.31336790   0.99971581  0.00021488 
 8344.31475680   0.99964564  0.00021488 
 8344.31614560   0.99960106  0.00021488 
 8344.31753450   0.99958509  0.00021488 
 8344.31892340   0.99969630  0.00021488 
 8344.32031220   0.99986672  0.00021488 
 8344.32170110   0.99955246  0.00021488 
 8344.32309000   0.99956358  0.00021488 
 8344.32447880   0.99965690  0.00021488 
 8344.32586770   0.99954483  0.00021488 
 8344.32725660   0.99990733  0.00021488 
 8344.32864540   1.00005825  0.00021488 
 8344.33003430   0.99958210  0.00021488 
 8344.33142310   0.99997870  0.00021488 
 8344.33281200   0.99998053  0.00021488 
 8344.33420090   0.99969727  0.00021488 
 8344.33558970   0.99969989  0.00021488 
 8344.33697860   0.99992471  0.00021488 
 8344.33836750   0.99918838  0.00021488 
 8344.33975630   0.99984016  0.00021488 
 8344.34114520   1.00013967  0.00021488 
 8344.34253410   0.99969612  0.00021488 
 8344.34392290   0.99997903  0.00021488 
 8344.34531180   0.99991766  0.00021488 
 8344.34670070   0.99973360  0.00021488 
 8344.34808950   0.99972983  0.00021488 
 8344.34947840   0.99972455  0.00021488 
 8344.35086730   0.99963319  0.00021488 
 8344.35225610   0.99976781  0.00021488 
 8344.35364500   0.99976503  0.00021488 
 8344.35503390   0.99954498  0.00021488 
 8344.35642270   0.99965390  0.00021488 
 8344.35781160   0.99964623  0.00021488 
 8344.35920050   0.99976255  0.00021488 
 8344.36058930   0.99971168  0.00021488 
 8344.36197820   0.99991379  0.00021488 
 8344.36336710   0.99979993  0.00021488 
 8344.36475590   1.00003274  0.00021488 
 8344.36614480   0.99958130  0.00021488 
 8344.36753370   1.00005590  0.00021488 
 8344.36892250   0.99994264  0.00021488 
 8344.37031140   1.00021805  0.00021488 
 8344.37170030   1.00031107  0.00021488 
 8344.37308910   1.00003842  0.00021488 
 8344.37447800   1.00020544  0.00021488 
 8344.37586690   0.99987529  0.00021488 
 8344.37725570   0.99988182  0.00021488 
 8344.37864460   1.00001934  0.00021488 
 8344.38003350   1.00078812  0.00021488 
 8344.38142230   0.99999191  0.00021488 
 8344.38281120   1.00020312  0.00021488 
 8344.38420000   0.99977379  0.00021488 
 8344.38558890   0.99996030  0.00021488 
 8344.38697780   1.00043220  0.00021488 
 8344.38836660   1.00057592  0.00021488 
 8344.38975550   1.00024178  0.00021488 
 8344.39114440   1.00033850  0.00021488 
 8344.39253320   0.99948900  0.00021488 
 8344.39392210   1.00034697  0.00021488 
 8344.39531100   1.00025191  0.00021488 
 8344.39669980   0.99976718  0.00021488 
 8344.39808870   1.00017158  0.00021488 
 8344.39947760   0.99911770  0.00021488 
 8344.40086640   1.00025414  0.00021488 
 8344.40225530   0.99993460  0.00021488 
 8344.40503300   1.00044373  0.00021488 
 8344.40642190   0.99984081  0.00021488 
 8344.40781080   1.00003133  0.00021488 
 8344.40919960   0.99997077  0.00021488 
 8344.41058850   0.99988951  0.00021488 
 8344.41197740   0.99973376  0.00021488 
 8344.41336620   0.99978669  0.00021488 
 8344.41475510   0.99975113  0.00021488 
 8344.41614400   0.99960468  0.00021488 
 8344.41753280   1.00005328  0.00021488 
 8344.41892170   0.99995662  0.00021488 
 8344.42169940   0.99991540  0.00021488 
 8344.42308830   1.00011492  0.00021488 
 8344.42447720   1.00023744  0.00021488 
 8344.42586600   1.00015399  0.00021488 
 8344.42725490   0.99987015  0.00021488 
 8344.42864380   1.00008627  0.00021488 
 8344.43003260   0.99983553  0.00021488 
 8344.43142150   1.00000285  0.00021488 
 8344.43281030   0.99979601  0.00021488 
 8344.43419920   0.99989534  0.00021488 
 8344.43558810   1.00005346  0.00021488 
 8344.43697690   1.00005860  0.00021488 
 8344.43836580   0.99984976  0.00021488 
 8344.43975470   0.99997928  0.00021488 
 8344.44114350   0.99956726  0.00021488 
 8344.44253240   0.99992397  0.00021488 
 8344.44392130   1.00019038  0.00021488 
 8344.44531010   1.00013013  0.00021488 
 8344.44669900   1.00000628  0.00021488 
 8344.44808790   0.99976354  0.00021488 
 8344.44947670   1.00002556  0.00021488 
 8344.45086560   1.00009709  0.00021488 
 8344.45225450   1.00003344  0.00021488 
 8344.45364330   0.99995978  0.00021488 
 8344.45642110   1.00020134  0.00021488 
 8344.45780990   1.00031087  0.00021488 
 8344.45919880   1.00021232  0.00021488 
 8344.46058770   1.00018847  0.00021488 
 8344.46197650   0.99941168  0.00021488 
 8344.46336540   0.99999697  0.00021488 
 8344.46475430   1.00016090  0.00021488 
 8344.46614310   0.99974828  0.00021488 
 8344.46753200   0.99965363  0.00021488 
 8344.46892090   0.99978856  0.00021488 
 8344.47030970   0.99999478  0.00021488 
 8344.47169860   0.99987794  0.00021488 
 8344.47308750   1.00007876  0.00021488 
 8344.47447630   0.99996362  0.00021488 
 8344.47586520   0.99991156  0.00021488 
 8344.47725410   0.99987301  0.00021488 
 8344.47864290   0.99992285  0.00021488 
 8344.48003180   1.00026536  0.00021488 
 8344.48142060   1.00000993  0.00021488 
 8344.48280950   1.00006887  0.00021488 
 8344.48419840   0.99985134  0.00021488 
 8344.48558720   0.99993067  0.00021488 
 8344.48697610   1.00018339  0.00021488 
 8344.48836500   1.00002835  0.00021488 
 8344.48975380   1.00009819  0.00021488 
 8344.49114270   1.00006684  0.00021488 
 8344.49253160   1.00007739  0.00021488 
 8344.49392040   1.00061708  0.00021488 
 8344.49530930   1.00030895  0.00021488 
 8344.49669820   0.99963787  0.00021488 
 8344.49808700   1.00030415  0.00021488 
 8344.49947590   1.00058287  0.00021488 
 8344.50086480   0.99995568  0.00021488 
 8344.50225360   1.00001392  0.00021488 
 8344.50364250   1.00002037  0.00021488 
 8344.50503140   1.00048986  0.00021488 
 8344.50642020   1.00008765  0.00021488 
 8344.50780910   1.00022769  0.00021488 
 8344.50919800   0.99982048  0.00021488 
 8344.51058680   0.99996411  0.00021488 
 8344.51197570   0.99982077  0.00021488 
 8344.51336460   1.00015839  0.00021488 
 8344.51475340   0.99980257  0.00021488 
 8344.51614230   0.99974803  0.00021488 
 8344.51753120   0.99936002  0.00021488 
 8344.51892000   0.99969433  0.00021488 
 8344.52030890   1.00018823  0.00021488 
 8344.52169780   0.99956125  0.00021488 
 8344.52308660   1.00043700  0.00021488 
 8344.52447550   0.99991651  0.00021488 
 8344.52586440   0.99983237  0.00021488 
 8344.52725320   1.00062733  0.00021488 
 8344.52864210   0.99965399  0.00021488 
 8344.53141980   1.00012394  0.00021488 
 8344.53280870   1.00048615  0.00021488 
 8344.53419750   0.99974368  0.00021488 
 8344.53558640   0.99950706  0.00021488 
 8344.53697530   1.00008485  0.00021488 
 8344.53836410   0.99996531  0.00021488 
 8344.53975300   0.99979159  0.00021488 
 8344.54114190   0.99975394  0.00021488 
 8344.54253070   1.00007196  0.00021488 
 8344.54391960   0.99961736  0.00021488 
 8344.54530850   0.99983199  0.00021488 
 8344.54669730   0.99989134  0.00021488 
 8344.54808620   0.99946234  0.00021488 
 8344.54947510   0.99959488  0.00021488 
 8344.55086390   1.00000078  0.00021488 
 8344.55225280   0.99991645  0.00021488 
 8344.55364170   1.00025046  0.00021488 
 8344.55503050   1.00019532  0.00021488 
 8344.55641940   0.99971633  0.00021488 
 8344.55780830   0.99960570  0.00021488 
 8344.56058600   1.00054590  0.00021488 
 8344.56197490   0.99992463  0.00021488 
 8344.56336370   0.99999128  0.00021488 
 8344.56475260   1.00051537  0.00021488 
 8344.56614150   0.99999669  0.00021488 
 8344.56753030   1.00023291  0.00021488 
 8344.57030810   1.00028302  0.00021488 
 8344.57169690   0.99994862  0.00021488 
 8344.57308580   1.00023264  0.00021488 
 8344.57447470   0.99960867  0.00021488 
 8344.57586350   1.00019436  0.00021488 
 8344.57725240   1.00017871  0.00021488 
 8344.57864120   0.99978282  0.00021488 
 8344.58003010   0.99985207  0.00021488 
 8344.58141900   0.99985483  0.00021488 
 8344.58280780   1.00018104  0.00021488 
 8344.58419670   0.99950379  0.00021488 
 8344.58558560   0.99988660  0.00021488 
 8344.58697440   0.99992915  0.00021488 
 8344.58836330   1.00010639  0.00021488 
 8344.58975220   1.00026242  0.00021488 
 8344.59114100   1.00008461  0.00021488 
 8344.59252990   0.99989649  0.00021488 
 8344.59391880   1.00042218  0.00021488 
 8344.59530760   1.00025876  0.00021488 
 8350.27992830   0.99970142  0.00021488 
 8350.28131710   0.99969011  0.00021488 
 8350.28270600   0.99994869  0.00021488 
 8350.28409480   0.99981299  0.00021488 
 8350.28548370   0.99989348  0.00021488 
 8350.28687260   0.99994179  0.00021488 
 8350.28826140   0.99974130  0.00021488 
 8350.28965030   1.00000490  0.00021488 
 8350.29103910   0.99983612  0.00021488 
 8350.29242800   1.00033022  0.00021488 
 8350.29381690   1.00010325  0.00021488 
 8350.29520570   1.00004398  0.00021488 
 8350.29659460   1.00026980  0.00021488 
 8350.29798350   0.99990725  0.00021488 
 8350.29937230   1.00017588  0.00021488 
 8350.30076120   0.99997933  0.00021488 
 8350.30215000   1.00000348  0.00021488 
 8350.30353890   0.99975124  0.00021488 
 8350.30492780   1.00034977  0.00021488 
 8350.30631660   0.99979895  0.00021488 
 8350.30770550   1.00015790  0.00021488 
 8350.30909440   0.99995197  0.00021488 
 8350.31048320   1.00025153  0.00021488 
 8350.31187210   0.99979642  0.00021488 
 8350.31326090   0.99982760  0.00021488 
 8350.31464980   1.00007337  0.00021488 
 8350.31603870   1.00001396  0.00021488 
 8350.31742750   0.99967117  0.00021488 
 8350.31881640   0.99982035  0.00021488 
 8350.32020520   0.99998804  0.00021488 
 8350.32159410   0.99984365  0.00021488 
 8350.32298300   1.00002395  0.00021488 
 8350.32437180   0.99958478  0.00021488 
 8350.32576070   1.00010867  0.00021488 
 8350.32714960   0.99980500  0.00021488 
 8350.32853840   1.00014871  0.00021488 
 8350.32992730   0.99979445  0.00021488 
 8350.33131610   0.99972639  0.00021488 
 8350.33270500   1.00007060  0.00021488 
 8350.33409390   0.99987515  0.00021488 
 8350.33548270   0.99976500  0.00021488 
 8350.33687160   1.00043390  0.00021488 
 8350.33826050   1.00001598  0.00021488 
 8350.33964930   1.00016142  0.00021488 
 8350.34103820   0.99974350  0.00021488 
 8350.34242700   1.00025643  0.00021488 
 8350.34381590   0.99998482  0.00021488 
 8350.34520480   1.00012638  0.00021488 
 8350.34659360   1.00019695  0.00021488 
 8350.34798250   0.99981405  0.00021488 
 8350.34937130   1.00005681  0.00021488 
 8350.35076020   0.99988661  0.00021488 
 8350.35214910   1.00001669  0.00021488 
 8350.35353790   0.99986529  0.00021488 
 8350.35492680   1.00002128  0.00021488 
 8350.35631570   0.99972350  0.00021488 
 8350.35770450   0.99956681  0.00021488 
 8350.35909340   0.99987100  0.00021488 
 8350.36187110   1.00087307  0.00021488 
 8350.36326000   0.99992505  0.00021488 
 8350.36464880   0.99981418  0.00021488 
 8350.36603770   1.00031778  0.00021488 
 8350.36742650   1.00002453  0.00021488 
 8350.36881540   1.00024875  0.00021488 
 8350.37020430   1.00039408  0.00021488 
 8350.37159310   1.00038283  0.00021488 
 8350.37298200   0.99995270  0.00021488 
 8350.37437090   1.00029943  0.00021488 
 8350.37575970   1.00023359  0.00021488 
 8350.37714860   1.00082001  0.00021488 
 8350.37853740   1.00021182  0.00021488 
 8350.37992630   1.00045997  0.00021488 
 8350.38131520   1.00010687  0.00021488 
 8350.38270400   1.00007234  0.00021488 
 8350.38409290   1.00032651  0.00021488 
 8350.38548180   0.99964844  0.00021488 
 8350.38687060   0.99994921  0.00021488 
 8350.38825950   1.00007639  0.00021488 
 8350.38964830   1.00036736  0.00021488 
 8350.39103720   1.00019198  0.00021488 
 8350.39242610   1.00007239  0.00021488 
 8350.39381490   0.99994151  0.00021488 
 8350.39520380   0.99990302  0.00021488 
 8350.39659260   0.99997223  0.00021488 
 8350.39798150   1.00002415  0.00021488 
 8350.39937040   0.99981799  0.00021488 
 8350.40075920   0.99995660  0.00021488 
 8350.40214810   1.00002813  0.00021488 
 8350.40353700   1.00014346  0.00021488 
 8350.40492580   0.99996361  0.00021488 
 8350.40631470   0.99973307  0.00021488 
 8350.40770350   0.99949494  0.00021488 
 8350.40909240   0.99980096  0.00021488 
 8350.41048130   0.99997271  0.00021488 
 8350.41187010   1.00003506  0.00021488 
 8350.41325900   1.00004562  0.00021488 
 8350.41464780   1.00004979  0.00021488 
 8350.41603670   1.00019355  0.00021488 
 8350.41742560   1.00008153  0.00021488 
 8350.41881440   0.99989883  0.00021488 
 8350.42020330   1.00000930  0.00021488 
 8350.42159220   0.99961482  0.00021488 
 8350.42298100   0.99979470  0.00021488 
 8350.42436990   0.99994988  0.00021488 
 8350.42575870   0.99969960  0.00021488 
 8350.42714760   1.00011567  0.00021488 
 8350.42853650   1.00015937  0.00021488 
 8350.42992530   0.99986060  0.00021488 
 8350.43131420   1.00008070  0.00021488 
 8350.43270300   0.99970075  0.00021488 
 8350.43409190   1.00001375  0.00021488 
 8350.43548080   0.99981559  0.00021488 
 8350.43686960   1.00007820  0.00021488 
 8350.43825850   1.00010073  0.00021488 
 8350.43964740   1.00010137  0.00021488 
 8350.44103620   0.99969555  0.00021488 
 8350.44242510   0.99976479  0.00021488 
 8350.44381390   1.00008411  0.00021488 
 8350.44520280   0.99973319  0.00021488 
 8350.44659170   0.99931579  0.00021488 
 8350.44798050   0.99990660  0.00021488 
 8350.44936940   0.99989737  0.00021488 
 8350.45075820   0.99978515  0.00021488 
 8350.45214710   1.00009210  0.00021488 
 8350.45353600   0.99981310  0.00021488 
 8350.45492480   1.00015605  0.00021488 
 8350.45631370   1.00014864  0.00021488 
 8350.45770260   0.99968577  0.00021488 
 8350.45909140   0.99988894  0.00021488 
 8350.46048030   0.99983484  0.00021488 
 8350.46186910   0.99977785  0.00021488 
 8350.46325800   1.00010443  0.00021488 
 8350.46464690   0.99971287  0.00021488 
 8350.46603570   0.99986457  0.00021488 
 8350.46742460   0.99981629  0.00021488 
 8350.46881340   1.00013149  0.00021488 
 8350.47020230   0.99968835  0.00021488 
 8350.47159120   0.99992946  0.00021488 
 8350.47298000   0.99931365  0.00021488 
 8350.47436890   0.99990693  0.00021488 
 8350.47575780   0.99971579  0.00021488 
 8350.47714660   0.99959565  0.00021488 
 8350.47853550   0.99997926  0.00021488 
 8350.47992430   0.99968464  0.00021488 
 8350.48131320   0.99979249  0.00021488 
 8350.48270210   1.00010852  0.00021488 
 8350.48409090   0.99964433  0.00021488 
 8350.48547980   0.99998237  0.00021488 
 8350.48686860   0.99998204  0.00021488 
 8350.48825750   1.00003751  0.00021488 
 8350.48964640   0.99966613  0.00021488 
 8350.49103520   0.99983990  0.00021488 
 8350.49242410   0.99969600  0.00021488 
 8350.49381300   0.99993067  0.00021488 
 8350.49520180   0.99954370  0.00021488 
 8350.49659070   0.99987507  0.00021488 
 8350.49797950   0.99983808  0.00021488 
 8350.49936840   0.99961441  0.00021488 
 8350.50075730   1.00001269  0.00021488 
 8350.50214610   1.00014959  0.00021488 
 8350.50353500   0.99975085  0.00021488 
 8350.50492380   1.00019883  0.00021488 
 8350.50631270   0.99975880  0.00021488 
 8350.50770160   0.99971963  0.00021488 
 8350.50909040   0.99992395  0.00021488 
 8350.51047930   0.99968931  0.00021488 
 8350.51186820   0.99986534  0.00021488 
 8350.51325700   0.99966081  0.00021488 
 8350.51464590   0.99974995  0.00021488 
 8350.51603470   0.99973311  0.00021488 
 8350.51742360   0.99996195  0.00021488 
 8350.51881250   0.99973953  0.00021488 
 8350.52020130   0.99983829  0.00021488 
 8350.52159020   0.99974667  0.00021488 
 8350.52297900   0.99957836  0.00021488 
 8350.52436790   0.99997681  0.00021488 
 8350.52575680   0.99955343  0.00021488 
 8350.52714560   0.99984989  0.00021488 
 8350.52853450   1.00014696  0.00021488 
 8350.52992340   0.99950751  0.00021488 
 8350.53131220   0.99970879  0.00021488 
 8350.53270110   0.99927733  0.00021488 
 8350.53408990   0.99973930  0.00021488 
 8350.53547880   0.99961302  0.00021488 
 8350.53686770   0.99976113  0.00021488 
 8350.53825650   0.99952476  0.00021488 
 8350.53964540   0.99974607  0.00021488 
 8350.54103420   0.99952811  0.00021488 
 8350.54242310   0.99961774  0.00021488 
 8350.54381200   0.99950138  0.00021488 
 8350.54520080   0.99953662  0.00021488 
 8350.54658970   0.99961666  0.00021488 
 8350.54797860   0.99948701  0.00021488 
 8350.54936740   0.99946707  0.00021488 
 8350.55075630   0.99982409  0.00021488 
 8350.55214510   0.99968976  0.00021488 
 8350.55353400   0.99965893  0.00021488 
 8350.55492290   0.99951851  0.00021488 
 8350.55631170   1.00012873  0.00021488 
 8350.55770060   0.99997532  0.00021488 
 8350.55908940   0.99959782  0.00021488 
 8350.56047830   0.99979199  0.00021488 
 8350.56186720   0.99957630  0.00021488 
 8350.56325600   0.99979307  0.00021488 
 8350.56464490   0.99987436  0.00021488 
 8350.56603380   0.99941939  0.00021488 
 8350.56742260   1.00009434  0.00021488 
 8350.56881150   0.99969078  0.00021488 
 8350.57020030   1.00003816  0.00021488 
 8350.57158920   0.99944302  0.00021488 
 8350.57297810   1.00015379  0.00021488 
 8350.57436690   0.99927718  0.00021488 
 8350.57575580   0.99995865  0.00021488 
 8350.57714460   0.99970210  0.00021488 
 8350.57853350   0.99960364  0.00021488 
 8350.57992240   0.99937150  0.00021488 
 8350.58131120   0.99964982  0.00021488 
 8350.58270010   0.99987175  0.00021488 
 8350.58408900   0.99962012  0.00021488 
 8350.58547780   0.99952528  0.00021488 
 8350.58686670   0.99911747  0.00021488 
 8350.58825550   0.99941311  0.00021488 
 8350.58964440   0.99970905  0.00021488 
 8350.59103330   0.99978731  0.00021488 
 8350.59242210   0.99984608  0.00021488 
 8350.59381100   0.99966347  0.00021488 
 8350.59519980   1.00018582  0.00021488 
 8350.59658870   0.99977023  0.00021488 
 8350.59797760   1.00018609  0.00021488 
 8350.59936640   0.99983961  0.00021488 
 8350.60075530   0.99945874  0.00021488 
 8350.60214420   0.99981911  0.00021488 
 8350.60353300   0.99972762  0.00021488 
 8350.60492190   1.00034539  0.00021488 
 8350.60631070   0.99968545  0.00021488 
 8350.60769960   1.00009174  0.00021488 
 8350.60908850   0.99983228  0.00021488 
 8350.61047730   0.99955832  0.00021488 
 8350.61186620   0.99968744  0.00021488 
 8350.61325500   0.99907982  0.00021488 
 8350.61464390   0.99993040  0.00021488 
 8350.61603280   0.99955696  0.00021488 
 8350.61742160   0.99965560  0.00021488 
 8350.61881050   0.99994203  0.00021488 
 8350.62019940   1.00012827  0.00021488 
 8350.62158820   0.99981645  0.00021488 
 8350.62297710   0.99965242  0.00021488 
 8350.62436590   0.99973558  0.00021488 
 8350.62575480   0.99975545  0.00021488 
 8350.62714370   1.00019599  0.00021488 
 8350.62853250   0.99981889  0.00021488 
 8350.62992140   1.00016675  0.00021488 
 8350.63131020   0.99905561  0.00021488 
 8350.63269910   1.00027792  0.00021488 
 8350.63408800   1.00016502  0.00021488 
 8350.63547680   0.99966605  0.00021488 
 8350.63686570   1.00000762  0.00021488 
 8350.63825450   1.00025801  0.00021488 
 8350.63964340   0.99997304  0.00021488 
 8350.64103230   1.00006615  0.00021488 
 8350.64242110   0.99998067  0.00021488 
 8350.64381000   1.00031907  0.00021488 
 8350.64519890   1.00007111  0.00021488 
 8350.64658770   0.99956857  0.00021488 
 8350.64797660   0.99971829  0.00021488 
 8350.64936540   0.99993981  0.00021488 
 8350.65075430   1.00001295  0.00021488 
 8350.65214320   0.99972161  0.00021488 
 8350.65353200   0.99985555  0.00021488 
 8350.65492090   0.99968951  0.00021488 
 8350.65630970   0.99982856  0.00021488 
 8350.65769860   0.99987781  0.00021488 
 8350.65908750   0.99994847  0.00021488 
 8350.66047630   0.99988385  0.00021488 
 8350.66186520   0.99999141  0.00021488 
 8350.66325410   1.00003428  0.00021488 
 8350.66464290   0.99993567  0.00021488 
 8350.66603180   0.99994585  0.00021488 
 8350.66742060   0.99970195  0.00021488 
 8350.66880950   0.99994873  0.00021488 
 8350.67019840   0.99996993  0.00021488 
 8350.67158720   0.99981443  0.00021488 
 8350.67297610   1.00030481  0.00021488 
 8350.67436490   0.99982094  0.00021488 
 8350.67575380   0.99977196  0.00021488 
 8350.67714270   1.00065873  0.00021488 
 8350.67853150   1.00028037  0.00021488 
 8350.67992040   1.00039378  0.00021488 
 8350.68130920   0.99984844  0.00021488 
 8350.68269810   0.99965188  0.00021488 
 8350.68408700   1.00011429  0.00021488 
 8350.68547580   0.99981565  0.00021488 
 8350.68686470   0.99971729  0.00021488 
 8350.68825360   0.99986363  0.00021488 
 8350.68964240   1.00041696  0.00021488 
 8350.69103130   1.00001173  0.00021488 
 8350.69242010   1.00002709  0.00021488 
 8350.69380900   1.00015885  0.00021488 
 8350.69519790   0.99945234  0.00021488 
 8350.69658670   1.00017368  0.00021488 
 8350.69797560   1.00045345  0.00021488 
 8350.69936440   0.99976765  0.00021488 
 8350.70075330   1.00005853  0.00021488 
 8350.70214220   0.99963853  0.00021488 
 8350.70353100   1.00010610  0.00021488 
 8350.70491990   0.99979991  0.00021488 
 8350.70630880   0.99977861  0.00021488 
 8350.70769760   0.99965471  0.00021488 
 8350.70908650   0.99974852  0.00021488 
 8350.71047530   1.00012611  0.00021488 
 8350.71186420   1.00007323  0.00021488 
 8350.71325310   1.00005585  0.00021488 
 8350.71464190   0.99985308  0.00021488 
 8350.71603080   1.00037808  0.00021488 
 8350.71741960   0.99976074  0.00021488 
 8350.71880850   0.99963577  0.00021488 
 8350.72019740   0.99989970  0.00021488 
 8350.72158620   0.99989934  0.00021488 
 8350.72297510   1.00008948  0.00021488 
 8350.72436390   1.00001244  0.00021488 
 8350.72575280   1.00000799  0.00021488 
 8350.72714170   1.00002975  0.00021488 
 8350.72853050   0.99966822  0.00021488 
 8350.72991940   1.00063126  0.00021488 
 8350.73130830   0.99992225  0.00021488 
 8350.73269710   0.99988902  0.00021488 
 8350.73408600   0.99968111  0.00021488 
 8350.73547480   1.00009748  0.00021488 
 8350.73686370   0.99993307  0.00021488 
 8350.73825260   0.99991626  0.00021488 
 8350.73964140   1.00011544  0.00021488 
 8350.74103030   1.00017914  0.00021488 
 8350.74241910   0.99992135  0.00021488 
 8350.74380800   0.99990835  0.00021488 
 8350.74519690   1.00009096  0.00021488 
 8350.74658570   0.99981928  0.00021488 
 8350.74797460   0.99971030  0.00021488 
 8350.74936350   0.99972802  0.00021488 
 8350.75075230   0.99997514  0.00021488 
 8350.75214120   0.99979717  0.00021488 
 8350.75353000   1.00042599  0.00021488 
 8350.75491890   1.00047743  0.00021488 
 8350.75630780   1.00017037  0.00021488 
 8350.75769660   0.99981922  0.00021488 
 8350.75908550   1.00001177  0.00021488 
 8350.76047430   0.99990652  0.00021488 
 8350.76186320   0.99959589  0.00021488 
 8350.76325210   0.99988014  0.00021488 
 8350.76464090   0.99968151  0.00021488 
 8350.76602980   0.99958248  0.00021488 
 8350.76741860   0.99987205  0.00021488 
 8350.76880750   1.00036142  0.00021488 
 8350.77019640   0.99980141  0.00021488 
 8350.77158520   0.99996739  0.00021488 
 8350.77297410   1.00035058  0.00021488 
 8350.77436300   1.00005007  0.00021488 
 8350.77575180   1.00030806  0.00021488 
 8350.77714070   1.00010937  0.00021488 
 8350.77852950   0.99983257  0.00021488 
 8350.77991840   0.99989118  0.00021488 
 8350.78130730   0.99976379  0.00021488 
 8350.78269610   0.99990411  0.00021488 
 8350.78408500   0.99973583  0.00021488 
 8350.78547380   0.99986285  0.00021488 
 8350.78686270   1.00012778  0.00021488 
 8350.78825160   0.99992661  0.00021488 
 8350.78964040   0.99981345  0.00021488 
 8350.79102930   1.00011379  0.00021488 
 8350.79241810   0.99994143  0.00021488 
 8350.79380700   1.00002168  0.00021488 
 8350.79519590   0.99995503  0.00021488 
 8350.79658470   1.00010899  0.00021488 
 8350.79797360   1.00029825  0.00021488 
 8350.79936250   1.00047671  0.00021488 
 8350.80075130   1.00018658  0.00021488 
 8350.80214020   1.00024205  0.00021488 
 8350.80352900   1.00030743  0.00021488 
 8350.80491790   0.99993100  0.00021488 
 8350.80630680   0.99985589  0.00021488 
 8350.80769560   0.99997597  0.00021488 
 8350.80908450   1.00023787  0.00021488 
 8350.81047330   1.00004536  0.00021488 
 8350.81186220   0.99999846  0.00021488 
 8350.81325110   0.99999506  0.00021488 
 8350.81463990   0.99954926  0.00021488 
 8350.81602880   1.00036179  0.00021488 
 8350.81741760   0.99992870  0.00021488 
 8350.81880650   1.00012492  0.00021488 
 8350.82019540   0.99986004  0.00021488 
 8350.82158420   0.99969066  0.00021488 
 8350.82297310   1.00047861  0.00021488 
 8350.82436200   1.00001603  0.00021488 
 8350.82575080   1.00012117  0.00021488 
 8350.82713970   1.00006532  0.00021488 
 8350.82852850   0.99957435  0.00021488 
 8350.82991740   1.00029792  0.00021488 
 8350.83130630   0.99990096  0.00021488 
 8350.83269510   1.00025653  0.00021488 
 8350.83408400   0.99995219  0.00021488 
 8350.83547280   0.99996085  0.00021488 
 8350.83686170   1.00031634  0.00021488 
 8350.83825060   0.99974029  0.00021488 
 8350.83963940   0.99978977  0.00021488 
 8350.84102830   0.99995126  0.00021488 
 8350.84241710   0.99962753  0.00021488 
 8350.84380600   0.99997784  0.00021488 
 8350.84519490   0.99982502  0.00021488 
 8350.84658370   0.99984932  0.00021488 
 8350.84797260   1.00026324  0.00021488 
 8350.84936150   0.99985873  0.00021488 
 8350.85075030   1.00020276  0.00021488 
 8350.85213920   1.00017427  0.00021488 
 8350.85352800   1.00031179  0.00021488 
 8350.85491690   1.00001770  0.00021488 
 8350.85630580   1.00081067  0.00021488 
 8350.85769460   0.99992115  0.00021488 
 8350.85908350   0.99978048  0.00021488 
 8350.86047230   0.99985212  0.00021488 
 8350.86186120   0.99983126  0.00021488 
